clip,preictal
Patient_2_test_segment_0140.mat,0.538444403675
Dog_2_test_segment_0676.mat,0.0547661598555
Dog_4_test_segment_0636.mat,0.380288170627
Dog_3_test_segment_0038.mat,0.704164775762
Dog_1_test_segment_0181.mat,0.00785271572764
Dog_4_test_segment_0246.mat,3.27641752538e-05
Dog_2_test_segment_0206.mat,0.0336037479509
Dog_1_test_segment_0470.mat,0.0483703694285
Dog_2_test_segment_0783.mat,0.00123951451448
Dog_4_test_segment_0818.mat,0.000339730796027
Dog_4_test_segment_0303.mat,0.000282716864528
Dog_4_test_segment_0749.mat,0.000512020351736
Patient_1_test_segment_0120.mat,0.363681335364
Dog_1_test_segment_0259.mat,0.194602853262
Dog_3_test_segment_0008.mat,0.00545205901564
Dog_2_test_segment_0441.mat,0.0087823710709
Dog_3_test_segment_0638.mat,0.00540627268175
Dog_4_test_segment_0663.mat,0.00190696510178
Dog_3_test_segment_0069.mat,0.00437653540716
Dog_2_test_segment_0403.mat,0.0174861669917
Dog_2_test_segment_0967.mat,0.00163949887517
Dog_3_test_segment_0859.mat,0.00694749107449
Dog_4_test_segment_0134.mat,3.25270661986e-05
Dog_5_test_segment_0167.mat,0.00114398145359
Dog_1_test_segment_0337.mat,0.000897171503797
Dog_2_test_segment_0842.mat,0.0103749450604
Patient_2_test_segment_0124.mat,0.478142687426
Dog_3_test_segment_0751.mat,0.749410363714
Dog_5_test_segment_0017.mat,0.00114398145359
Dog_2_test_segment_0387.mat,0.0186144171729
Dog_3_test_segment_0432.mat,0.00336930762674
Dog_3_test_segment_0791.mat,0.308579608172
Patient_1_test_segment_0078.mat,0.185272412405
Dog_2_test_segment_0429.mat,0.00652321012759
Dog_2_test_segment_0696.mat,0.000237915272297
Dog_5_test_segment_0076.mat,0.00114398145359
Dog_4_test_segment_0864.mat,0.00288412769896
Dog_2_test_segment_0935.mat,0.0609815741315
Dog_3_test_segment_0567.mat,0.00119243113553
Dog_1_test_segment_0314.mat,0.00867423954957
Dog_4_test_segment_0011.mat,0.000210142630529
Dog_1_test_segment_0374.mat,0.0135658262008
Dog_4_test_segment_0735.mat,0.000113621189453
Patient_2_test_segment_0118.mat,0.538444101947
Dog_4_test_segment_0243.mat,0.0115797921467
Dog_1_test_segment_0464.mat,0.0779114040696
Dog_2_test_segment_0597.mat,0.00227425348222
Dog_1_test_segment_0236.mat,0.14570958787
Dog_3_test_segment_0491.mat,0.00235640281521
Dog_2_test_segment_0008.mat,0.198835446831
Dog_2_test_segment_0236.mat,0.0619848962705
Dog_3_test_segment_0378.mat,0.352247453052
Dog_5_test_segment_0010.mat,0.00114398184466
Dog_1_test_segment_0424.mat,0.0724765596716
Dog_2_test_segment_0902.mat,0.0193584338182
Dog_4_test_segment_0543.mat,0.00495631435909
Dog_1_test_segment_0124.mat,0.000789776502779
Dog_4_test_segment_0406.mat,0.000127888785253
Dog_2_test_segment_0092.mat,0.0041079218152
Dog_3_test_segment_0162.mat,0.188630028214
Dog_2_test_segment_0029.mat,0.051472560164
Dog_4_test_segment_0041.mat,0.0192655467626
Dog_4_test_segment_0294.mat,0.0626454684178
Patient_1_test_segment_0020.mat,0.697726244713
Dog_3_test_segment_0341.mat,0.0077386690933
Dog_3_test_segment_0231.mat,0.00162002696534
Dog_1_test_segment_0380.mat,0.244080968194
Dog_1_test_segment_0100.mat,0.0621057259968
Dog_2_test_segment_0468.mat,0.0303817118469
Dog_3_test_segment_0667.mat,0.251601227304
Dog_2_test_segment_0174.mat,0.0139884494931
Dog_4_test_segment_0990.mat,0.00042267850609
Dog_1_test_segment_0078.mat,0.00292172782804
Dog_2_test_segment_0852.mat,0.0229882582108
Dog_4_test_segment_0879.mat,0.0291651909084
Dog_3_test_segment_0575.mat,0.00245752030691
Dog_3_test_segment_0088.mat,0.0113713729624
Dog_3_test_segment_0007.mat,0.00184300167781
Patient_1_test_segment_0027.mat,0.647775604678
Dog_2_test_segment_0161.mat,0.0251292217966
Dog_3_test_segment_0493.mat,0.00199100952462
Patient_2_test_segment_0119.mat,0.538280432118
Dog_4_test_segment_0066.mat,9.30264433572e-05
Dog_5_test_segment_0137.mat,6.3189837605e-05
Dog_4_test_segment_0384.mat,0.000123052181967
Dog_3_test_segment_0565.mat,0.00187348997131
Dog_3_test_segment_0866.mat,0.00713412875443
Patient_1_test_segment_0177.mat,0.770720427669
Dog_2_test_segment_0440.mat,0.00954687127454
Dog_3_test_segment_0579.mat,0.0801348649807
Dog_2_test_segment_0101.mat,0.00782155325047
Dog_3_test_segment_0367.mat,0.112150128269
Dog_3_test_segment_0692.mat,0.0358862941151
Dog_2_test_segment_0572.mat,0.00291632432068
Dog_3_test_segment_0144.mat,0.798429588412
Dog_1_test_segment_0019.mat,0.00434303288132
Dog_4_test_segment_0561.mat,0.0884464597779
Dog_3_test_segment_0817.mat,0.00142800576349
Dog_1_test_segment_0101.mat,0.027863468089
Dog_1_test_segment_0409.mat,0.0210682051345
Dog_3_test_segment_0070.mat,0.322833434964
Patient_2_test_segment_0009.mat,0.538413925067
Dog_4_test_segment_0447.mat,0.151696594459
Dog_3_test_segment_0295.mat,0.0655296683744
Dog_2_test_segment_0986.mat,0.0145035881624
Dog_1_test_segment_0207.mat,0.246648829059
Dog_3_test_segment_0077.mat,0.0463840774249
Dog_3_test_segment_0183.mat,0.00735550386728
Dog_2_test_segment_0892.mat,0.301807385031
Dog_5_test_segment_0036.mat,6.19823611049e-05
Dog_4_test_segment_0803.mat,0.0668224530542
Dog_2_test_segment_0242.mat,0.034928096511
Dog_1_test_segment_0281.mat,0.019332691556
Patient_2_test_segment_0080.mat,0.538444101949
Dog_3_test_segment_0273.mat,0.00331607843849
Dog_1_test_segment_0252.mat,0.0517602996353
Dog_4_test_segment_0917.mat,1.59976639996e-06
Dog_1_test_segment_0373.mat,0.00955803891325
Dog_4_test_segment_0628.mat,0.000439580000721
Dog_2_test_segment_0215.mat,0.0561427649775
Dog_1_test_segment_0336.mat,0.00640788594177
Dog_4_test_segment_0525.mat,0.000697185644524
Dog_1_test_segment_0294.mat,0.769230516653
Patient_2_test_segment_0108.mat,0.333988536172
Dog_1_test_segment_0122.mat,0.0597197558524
Dog_4_test_segment_0421.mat,1.52233361765e-05
Dog_4_test_segment_0622.mat,4.06159293897e-06
Dog_4_test_segment_0042.mat,6.27267103797e-05
Dog_1_test_segment_0414.mat,0.00434208853294
Dog_1_test_segment_0186.mat,0.0109487212317
Dog_2_test_segment_0277.mat,0.00394238845747
Dog_1_test_segment_0246.mat,0.265611901079
Dog_4_test_segment_0912.mat,0.000465971436395
Dog_4_test_segment_0397.mat,0.00231879794063
Dog_2_test_segment_0090.mat,0.200565072349
Dog_3_test_segment_0023.mat,0.0687827467217
Dog_3_test_segment_0835.mat,0.00178466488212
Dog_1_test_segment_0241.mat,0.00822699003587
Dog_4_test_segment_0422.mat,0.661414250866
Dog_5_test_segment_0131.mat,0.00114398145387
Dog_5_test_segment_0005.mat,0.00116381116129
Dog_3_test_segment_0032.mat,0.0996173878563
Dog_4_test_segment_0618.mat,0.00197377451405
Dog_4_test_segment_0009.mat,0.000425489960209
Dog_3_test_segment_0794.mat,0.00216117217894
Dog_1_test_segment_0039.mat,0.0370258120765
Dog_2_test_segment_0177.mat,0.0589547989074
Dog_4_test_segment_0582.mat,0.000492989095331
Dog_4_test_segment_0894.mat,0.00210321173524
Dog_1_test_segment_0178.mat,0.000249554321506
Dog_2_test_segment_0578.mat,0.00642667810101
Dog_2_test_segment_0518.mat,0.00641674047415
Dog_2_test_segment_0500.mat,0.0157029489002
Dog_3_test_segment_0280.mat,0.00865273155092
Dog_5_test_segment_0042.mat,0.00114398145359
Dog_4_test_segment_0603.mat,0.000115680103491
Dog_5_test_segment_0004.mat,8.91404325253e-05
Dog_1_test_segment_0188.mat,0.00455721020214
Dog_4_test_segment_0645.mat,4.9009745971e-06
Dog_3_test_segment_0595.mat,0.493922041108
Dog_2_test_segment_0192.mat,0.0275518952558
Dog_3_test_segment_0176.mat,0.085219038876
Dog_4_test_segment_0647.mat,7.01974553232e-05
Dog_1_test_segment_0072.mat,0.012291732978
Patient_1_test_segment_0048.mat,0.926562172971
Dog_4_test_segment_0087.mat,0.00509242363778
Dog_4_test_segment_0407.mat,0.000515754238024
Dog_3_test_segment_0536.mat,0.134265893488
Dog_4_test_segment_0814.mat,0.000716047188558
Dog_3_test_segment_0191.mat,0.415222329112
Dog_3_test_segment_0460.mat,0.624290484242
Dog_4_test_segment_0433.mat,0.46261159531
Dog_2_test_segment_0185.mat,0.0178105661253
Dog_1_test_segment_0111.mat,0.00251932539254
Dog_2_test_segment_0599.mat,0.00111100820793
Dog_3_test_segment_0214.mat,0.0272822760449
Dog_2_test_segment_0948.mat,0.0317487407536
Dog_2_test_segment_0504.mat,0.0540874108514
Dog_3_test_segment_0307.mat,0.213782443245
Dog_3_test_segment_0775.mat,0.0051379864868
Dog_2_test_segment_0837.mat,0.00194496061072
Patient_1_test_segment_0035.mat,0.749726386827
Dog_3_test_segment_0590.mat,0.00227575153023
Dog_4_test_segment_0600.mat,6.55683135806e-05
Dog_4_test_segment_0966.mat,0.0108261864394
Dog_4_test_segment_0343.mat,0.000229373240078
Dog_3_test_segment_0853.mat,0.0153689963135
Dog_3_test_segment_0042.mat,0.00593482915602
Dog_3_test_segment_0247.mat,0.171175585635
Dog_3_test_segment_0764.mat,0.702448291913
Dog_2_test_segment_0040.mat,0.00163124970621
Dog_4_test_segment_0507.mat,0.0971500784434
Dog_2_test_segment_0193.mat,0.036530386707
Patient_2_test_segment_0021.mat,0.538444101947
Dog_3_test_segment_0427.mat,0.28836762804
Dog_4_test_segment_0841.mat,6.3967405457e-06
Dog_4_test_segment_0765.mat,0.000721326472004
Dog_1_test_segment_0168.mat,0.254432762098
Dog_2_test_segment_0091.mat,0.00678956423587
Dog_3_test_segment_0634.mat,0.00171337496202
Dog_4_test_segment_0930.mat,0.00939182835786
Dog_4_test_segment_0657.mat,9.48039941866e-05
Dog_4_test_segment_0501.mat,0.393524254869
Dog_4_test_segment_0118.mat,0.00100965422321
Dog_3_test_segment_0466.mat,0.293061035858
Dog_3_test_segment_0574.mat,0.197148249101
Dog_2_test_segment_0596.mat,0.302064781734
Dog_1_test_segment_0023.mat,0.0597338677153
Dog_4_test_segment_0861.mat,0.000186666384984
Dog_2_test_segment_0449.mat,0.0111431399928
Dog_4_test_segment_0486.mat,0.000708799461586
Dog_3_test_segment_0774.mat,0.0127596308284
Dog_3_test_segment_0235.mat,0.0644475933889
Dog_3_test_segment_0123.mat,0.024486037291
Dog_5_test_segment_0090.mat,0.00114398216815
Dog_4_test_segment_0729.mat,0.00990226281374
Dog_4_test_segment_0557.mat,0.00954288380768
Dog_2_test_segment_0194.mat,0.00208499310883
Dog_3_test_segment_0258.mat,0.0383413747806
Dog_4_test_segment_0085.mat,0.000307035163273
Dog_2_test_segment_0476.mat,0.00463558168507
Dog_4_test_segment_0964.mat,0.000245834685278
Dog_4_test_segment_0722.mat,0.000525286063406
Dog_4_test_segment_0484.mat,0.000667279436043
Dog_4_test_segment_0096.mat,0.0194258030028
Dog_2_test_segment_0796.mat,0.0441454397493
Dog_3_test_segment_0798.mat,0.00207394082769
Dog_3_test_segment_0305.mat,0.00472072604805
Dog_4_test_segment_0553.mat,0.000708392135473
Dog_2_test_segment_0581.mat,0.00549988871066
Dog_1_test_segment_0041.mat,0.000497775949436
Dog_3_test_segment_0199.mat,0.0257754145223
Dog_4_test_segment_0104.mat,0.0252074241442
Dog_3_test_segment_0355.mat,0.463923078917
Dog_1_test_segment_0488.mat,0.0813245215555
Dog_1_test_segment_0335.mat,0.00680155316707
Dog_2_test_segment_0469.mat,0.134827033424
Dog_3_test_segment_0685.mat,0.532989126197
Dog_3_test_segment_0369.mat,0.645081037394
Dog_3_test_segment_0870.mat,0.0716479074518
Dog_3_test_segment_0243.mat,0.0161047842683
Dog_3_test_segment_0374.mat,0.424475449016
Dog_4_test_segment_0225.mat,0.000149846320681
Dog_3_test_segment_0905.mat,0.00188994343504
Dog_4_test_segment_0787.mat,0.000399048588155
Dog_4_test_segment_0308.mat,0.00260787014953
Dog_3_test_segment_0116.mat,0.00208030832843
Dog_2_test_segment_0314.mat,0.0931097215731
Dog_4_test_segment_0726.mat,0.000135869714878
Dog_5_test_segment_0116.mat,9.98903220177e-06
Dog_2_test_segment_0035.mat,0.0204884827021
Dog_5_test_segment_0114.mat,0.00114398145359
Dog_2_test_segment_0303.mat,0.220243993578
Dog_4_test_segment_0634.mat,0.55812940021
Dog_4_test_segment_0677.mat,0.000178144677539
Dog_1_test_segment_0348.mat,0.0682358527465
Dog_4_test_segment_0565.mat,0.00516631650818
Dog_5_test_segment_0111.mat,0.00114398145359
Dog_2_test_segment_0390.mat,0.0223999123735
Dog_5_test_segment_0067.mat,0.000520888289135
Dog_2_test_segment_0943.mat,0.180363209126
Patient_1_test_segment_0126.mat,0.125776528291
Dog_2_test_segment_0894.mat,0.00166917224158
Dog_5_test_segment_0073.mat,0.00114398145359
Dog_3_test_segment_0593.mat,0.296550614224
Dog_4_test_segment_0470.mat,0.00033813714819
Dog_3_test_segment_0128.mat,0.484277985756
Dog_2_test_segment_0083.mat,0.00163411703065
Dog_2_test_segment_0728.mat,0.418839838623
Patient_1_test_segment_0094.mat,0.207076003229
Dog_3_test_segment_0098.mat,0.0541458041142
Dog_1_test_segment_0308.mat,0.0691310894175
Dog_2_test_segment_0210.mat,0.0096224419152
Dog_4_test_segment_0413.mat,0.000524717224821
Dog_1_test_segment_0042.mat,0.0060179881844
Dog_3_test_segment_0766.mat,0.00448159675818
Dog_2_test_segment_0412.mat,0.00163365950319
Dog_3_test_segment_0145.mat,0.0201314330759
Dog_3_test_segment_0640.mat,0.0019863709476
Dog_4_test_segment_0010.mat,0.00233872261868
Dog_1_test_segment_0017.mat,0.00449050376513
Dog_2_test_segment_0831.mat,0.00493058417476
Dog_3_test_segment_0557.mat,0.0764538336573
Dog_2_test_segment_0721.mat,0.00527453240867
Dog_3_test_segment_0763.mat,0.224804729586
Dog_4_test_segment_0391.mat,0.000116658057592
Dog_5_test_segment_0130.mat,0.00114398145359
Dog_4_test_segment_0081.mat,0.0720241508481
Dog_3_test_segment_0706.mat,0.0168741552077
Dog_3_test_segment_0068.mat,0.0235283044554
Dog_4_test_segment_0678.mat,0.00203025893261
Dog_4_test_segment_0058.mat,0.01463777715
Patient_2_test_segment_0089.mat,0.538729684153
Dog_2_test_segment_0391.mat,0.0340686198215
Dog_1_test_segment_0196.mat,0.0120059676438
Dog_1_test_segment_0191.mat,0.0125630526819
Dog_4_test_segment_0559.mat,0.029148280744
Dog_1_test_segment_0346.mat,0.728701120564
Dog_2_test_segment_0977.mat,0.0700291384508
Dog_1_test_segment_0264.mat,0.00433415121166
Dog_3_test_segment_0699.mat,0.00123192897302
Dog_2_test_segment_0915.mat,0.00135157391625
Dog_5_test_segment_0002.mat,0.0011439814193
Dog_2_test_segment_0543.mat,0.0211561020519
Dog_3_test_segment_0066.mat,0.00200810035013
Dog_3_test_segment_0861.mat,0.115981996906
Dog_4_test_segment_0189.mat,0.000174836621254
Dog_4_test_segment_0161.mat,0.000612508656706
Dog_2_test_segment_0768.mat,0.000709617581181
Dog_1_test_segment_0068.mat,0.00373934727217
Dog_3_test_segment_0520.mat,0.00775915040332
Patient_1_test_segment_0075.mat,0.709333734212
Dog_3_test_segment_0849.mat,0.302830228525
Dog_2_test_segment_0424.mat,0.00328785297191
Dog_4_test_segment_0271.mat,0.000909737100866
Dog_4_test_segment_0378.mat,0.00102980160649
Dog_3_test_segment_0547.mat,0.00198755769816
Dog_4_test_segment_0155.mat,0.0111423887463
Dog_1_test_segment_0458.mat,0.00118453149358
Dog_3_test_segment_0242.mat,0.00304720080333
Dog_2_test_segment_0525.mat,0.0380005018986
Dog_2_test_segment_0453.mat,0.0157778404164
Dog_2_test_segment_0938.mat,0.056913758318
Dog_3_test_segment_0210.mat,0.0149062544612
Dog_2_test_segment_0315.mat,0.0609081756765
Dog_4_test_segment_0524.mat,0.0010654681725
Dog_3_test_segment_0873.mat,0.285052383623
Dog_4_test_segment_0092.mat,0.0387402071611
Dog_4_test_segment_0548.mat,0.00303891159049
Patient_1_test_segment_0129.mat,0.11179773313
Dog_5_test_segment_0173.mat,0.00114397238631
Dog_2_test_segment_0317.mat,0.371444331705
Dog_3_test_segment_0322.mat,0.0119429014163
Dog_4_test_segment_0125.mat,0.673560463291
Dog_4_test_segment_0199.mat,0.01147522355
Dog_1_test_segment_0453.mat,0.0020105679095
Dog_2_test_segment_0661.mat,0.1624939526
Dog_3_test_segment_0573.mat,0.198160700662
Dog_3_test_segment_0021.mat,0.674614197537
Dog_1_test_segment_0482.mat,0.00504067223279
Dog_3_test_segment_0642.mat,0.00363854708834
Dog_2_test_segment_0744.mat,0.00802632258395
Patient_1_test_segment_0016.mat,0.32818986976
Dog_1_test_segment_0155.mat,0.0584425316998
Dog_3_test_segment_0037.mat,0.0186357552565
Dog_2_test_segment_0494.mat,0.0233246671441
Dog_4_test_segment_0178.mat,0.432892469305
Dog_2_test_segment_0273.mat,0.0165112630338
Dog_4_test_segment_0612.mat,0.000344212401454
Dog_2_test_segment_0699.mat,0.0700847627453
Dog_4_test_segment_0783.mat,0.000212372520089
Dog_3_test_segment_0517.mat,0.00241652169497
Dog_5_test_segment_0126.mat,5.02301537164e-05
Dog_3_test_segment_0736.mat,0.0125971649559
Dog_4_test_segment_0734.mat,0.0154043462412
Patient_2_test_segment_0085.mat,0.538444104287
Dog_1_test_segment_0097.mat,0.0259003778212
Dog_2_test_segment_0331.mat,0.00733380929039
Dog_1_test_segment_0315.mat,0.00167037214173
Dog_4_test_segment_0654.mat,0.00705606701594
Dog_2_test_segment_0554.mat,0.162889950261
Dog_1_test_segment_0474.mat,0.00850579980343
Dog_4_test_segment_0933.mat,0.00198681549118
Dog_1_test_segment_0437.mat,0.460868726307
Dog_3_test_segment_0205.mat,0.106673675155
Dog_2_test_segment_0310.mat,0.292566057282
Dog_2_test_segment_0754.mat,0.167698670061
Patient_2_test_segment_0010.mat,0.370989462341
Dog_1_test_segment_0149.mat,0.00268348825282
Dog_1_test_segment_0231.mat,0.00645532888678
Dog_1_test_segment_0448.mat,0.00248558729075
Dog_4_test_segment_0459.mat,0.00115496957327
Dog_2_test_segment_0513.mat,0.58769917349
Dog_4_test_segment_0753.mat,0.143903528244
Dog_3_test_segment_0779.mat,0.00178695136172
Dog_3_test_segment_0094.mat,0.00236189464665
Dog_3_test_segment_0440.mat,0.0130566986332
Dog_5_test_segment_0093.mat,0.00113094736581
Dog_1_test_segment_0243.mat,0.000470059578717
Dog_2_test_segment_0968.mat,0.333722060011
Dog_3_test_segment_0398.mat,0.00236699670027
Dog_2_test_segment_0522.mat,0.00297668159979
Patient_1_test_segment_0162.mat,0.922993264971
Dog_4_test_segment_0489.mat,0.0085126226744
Dog_3_test_segment_0477.mat,0.00183381012081
Dog_2_test_segment_0363.mat,0.00425482996868
Dog_2_test_segment_0713.mat,0.00117124076386
Dog_3_test_segment_0474.mat,0.00159887757531
Dog_3_test_segment_0490.mat,0.0115408842393
Dog_5_test_segment_0065.mat,0.00114398145359
Dog_2_test_segment_0151.mat,0.00163344477561
Dog_2_test_segment_0231.mat,0.00353956987568
Dog_1_test_segment_0480.mat,0.154007363259
Dog_1_test_segment_0061.mat,0.0106945861818
Dog_1_test_segment_0166.mat,0.118258982663
Dog_2_test_segment_0348.mat,0.00150884498583
Dog_5_test_segment_0133.mat,1.73736588609e-05
Dog_1_test_segment_0174.mat,0.00174286231143
Dog_3_test_segment_0559.mat,0.00296028322796
Dog_5_test_segment_0134.mat,0.00117875545578
Dog_2_test_segment_0254.mat,0.0789038452986
Dog_1_test_segment_0390.mat,0.0215669513145
Dog_4_test_segment_0727.mat,0.5
Dog_4_test_segment_0135.mat,0.0021650958803
Dog_1_test_segment_0240.mat,0.051928369724
Dog_2_test_segment_0094.mat,0.000960564924145
Dog_4_test_segment_0640.mat,0.0290039788932
Dog_2_test_segment_0580.mat,0.710629985868
Dog_2_test_segment_0010.mat,0.833468891104
Dog_4_test_segment_0675.mat,0.0120586085779
Dog_1_test_segment_0066.mat,0.00266088366915
Dog_2_test_segment_0628.mat,0.0804205945077
Dog_4_test_segment_0100.mat,0.00136220065144
Dog_3_test_segment_0190.mat,0.233443690625
Dog_2_test_segment_0187.mat,0.00223452217452
Dog_2_test_segment_0134.mat,0.00397880815502
Dog_1_test_segment_0091.mat,0.00292317498771
Dog_2_test_segment_0930.mat,0.240661520298
Dog_3_test_segment_0168.mat,0.235826614419
Dog_2_test_segment_0346.mat,0.227849681639
Patient_1_test_segment_0122.mat,0.818090177301
Dog_3_test_segment_0581.mat,0.0454238933015
Dog_1_test_segment_0107.mat,0.00483606796364
Dog_4_test_segment_0465.mat,0.00337488995195
Dog_2_test_segment_0846.mat,0.00616059781673
Dog_3_test_segment_0111.mat,0.00285383511333
Dog_3_test_segment_0127.mat,0.0280744630062
Dog_5_test_segment_0098.mat,0.000474561075469
Dog_2_test_segment_0944.mat,0.0179318536415
Dog_1_test_segment_0183.mat,0.155241062548
Dog_1_test_segment_0022.mat,0.00206097074161
Dog_1_test_segment_0383.mat,0.0005874927246
Dog_2_test_segment_0862.mat,0.144294994481
Dog_4_test_segment_0584.mat,0.00774663596147
Dog_5_test_segment_0082.mat,0.0011439814552
Dog_4_test_segment_0760.mat,0.00208962300693
Dog_4_test_segment_0410.mat,0.000214268398949
Patient_1_test_segment_0150.mat,0.71413329809
Dog_4_test_segment_0806.mat,0.0377227390925
Dog_4_test_segment_0989.mat,3.26961318642e-05
Dog_1_test_segment_0139.mat,0.0429872293125
Dog_4_test_segment_0408.mat,0.0068038969327
Patient_1_test_segment_0061.mat,0.893563325709
Dog_4_test_segment_0613.mat,9.93852619253e-05
Dog_3_test_segment_0900.mat,0.0121479596845
Patient_1_test_segment_0081.mat,0.0931236487953
Dog_2_test_segment_0605.mat,0.00253428572923
Dog_1_test_segment_0143.mat,0.12397587564
Dog_2_test_segment_0095.mat,0.644294316226
Dog_2_test_segment_0007.mat,0.00948939348254
Dog_1_test_segment_0436.mat,0.00192447744243
Dog_3_test_segment_0531.mat,0.0860811302764
Dog_1_test_segment_0300.mat,0.000364528167865
Dog_4_test_segment_0365.mat,2.27796993621e-05
Dog_3_test_segment_0726.mat,0.400000685081
Dog_2_test_segment_0322.mat,0.000700166986839
Dog_2_test_segment_0826.mat,0.444289380697
Dog_2_test_segment_0321.mat,0.00462736680852
Dog_3_test_segment_0392.mat,0.293225252605
Dog_4_test_segment_0353.mat,0.575595969075
Dog_2_test_segment_0113.mat,0.0224937243012
Dog_3_test_segment_0797.mat,0.00728398967432
Dog_2_test_segment_0547.mat,0.0105353250284
Dog_4_test_segment_0075.mat,0.03743664668
Patient_1_test_segment_0130.mat,0.819342625096
Dog_4_test_segment_0798.mat,0.00182209070587
Dog_5_test_segment_0095.mat,3.96617414824e-05
Dog_3_test_segment_0221.mat,0.00481800656707
Dog_4_test_segment_0946.mat,0.0170468287724
Dog_1_test_segment_0413.mat,0.000967834578577
Dog_4_test_segment_0536.mat,0.000770726065218
Dog_3_test_segment_0407.mat,0.0112924617374
Dog_3_test_segment_0386.mat,0.00241913145097
Dog_4_test_segment_0436.mat,0.00673598397016
Dog_3_test_segment_0522.mat,0.00360601455592
Dog_2_test_segment_0970.mat,0.135105878554
Dog_4_test_segment_0039.mat,0.000490754641116
Dog_2_test_segment_0931.mat,0.00734123391858
Dog_3_test_segment_0483.mat,0.0546097706886
Dog_2_test_segment_0918.mat,0.408227223893
Dog_5_test_segment_0146.mat,0.0011439814536
Dog_4_test_segment_0886.mat,0.000913204515432
Dog_2_test_segment_0262.mat,0.287062588446
Dog_1_test_segment_0153.mat,0.00126249900136
Dog_2_test_segment_0882.mat,0.00551857642484
Dog_4_test_segment_0529.mat,5.9115122379e-05
Dog_4_test_segment_0942.mat,0.000884819248986
Dog_2_test_segment_0201.mat,0.241925537279
Dog_3_test_segment_0708.mat,0.0403440065858
Dog_2_test_segment_0125.mat,0.0075411630448
Patient_2_test_segment_0113.mat,0.538444101947
Dog_4_test_segment_0687.mat,0.000936862460297
Dog_4_test_segment_0152.mat,0.00336769458581
Patient_2_test_segment_0129.mat,0.538444101947
Dog_4_test_segment_0904.mat,0.00169687994078
Patient_1_test_segment_0014.mat,0.891155109535
Dog_3_test_segment_0804.mat,0.00440673886144
Dog_3_test_segment_0893.mat,0.00220140611175
Dog_1_test_segment_0289.mat,0.991624643027
Dog_2_test_segment_0876.mat,0.0176338605911
Dog_2_test_segment_0394.mat,0.0957957326366
Patient_2_test_segment_0056.mat,0.450466289624
Dog_4_test_segment_0920.mat,0.000543550545846
Patient_2_test_segment_0117.mat,0.538446074501
Patient_2_test_segment_0104.mat,0.538372462826
Dog_2_test_segment_0738.mat,0.0044765835154
Dog_2_test_segment_0682.mat,0.054837005643
Dog_2_test_segment_0186.mat,0.0471265582724
Dog_3_test_segment_0630.mat,0.00368582725344
Dog_3_test_segment_0193.mat,0.0778533812843
Dog_2_test_segment_0670.mat,0.212149296137
Dog_2_test_segment_0623.mat,0.0103934838446
Dog_2_test_segment_0235.mat,0.0904193320036
Dog_4_test_segment_0224.mat,0.00406318292
Dog_3_test_segment_0508.mat,0.436269855378
Dog_3_test_segment_0819.mat,0.0024276623951
Dog_4_test_segment_0807.mat,0.000192486900486
Dog_5_test_segment_0155.mat,0.0013288515711
Dog_3_test_segment_0512.mat,0.5
Patient_1_test_segment_0151.mat,0.860717753222
Dog_5_test_segment_0012.mat,0.00114401507892
Dog_1_test_segment_0256.mat,0.619708469734
Dog_2_test_segment_0202.mat,0.0242196827279
Dog_4_test_segment_0121.mat,0.00136746707657
Dog_3_test_segment_0606.mat,0.00522307959329
Patient_1_test_segment_0190.mat,0.695987831681
Dog_3_test_segment_0680.mat,0.250573615247
Dog_2_test_segment_0642.mat,0.133407971072
Dog_1_test_segment_0382.mat,0.172296797831
Dog_2_test_segment_0306.mat,0.370753310811
Dog_2_test_segment_0526.mat,0.018837609365
Dog_2_test_segment_0018.mat,0.00495166125536
Dog_4_test_segment_0568.mat,0.0832979708659
Dog_4_test_segment_0650.mat,0.00109317698877
Dog_2_test_segment_0436.mat,0.0941329226587
Dog_2_test_segment_0710.mat,0.0344444596522
Dog_2_test_segment_0417.mat,0.121358120149
Dog_3_test_segment_0308.mat,0.00976991291463
Dog_2_test_segment_0299.mat,0.00118278004272
Dog_1_test_segment_0419.mat,0.0163183474149
Dog_1_test_segment_0334.mat,0.0017837958249
Dog_3_test_segment_0658.mat,0.00234438148283
Dog_5_test_segment_0154.mat,4.4666771188e-06
Dog_2_test_segment_0688.mat,0.0330196299081
Dog_2_test_segment_0413.mat,0.000906161571923
Dog_1_test_segment_0350.mat,0.00464358986048
Dog_4_test_segment_0674.mat,0.00790005783701
Dog_2_test_segment_0462.mat,0.0216065385369
Dog_2_test_segment_0268.mat,0.00116725846343
Dog_3_test_segment_0556.mat,0.00393965243058
Dog_4_test_segment_0179.mat,0.0904841387978
Dog_2_test_segment_0239.mat,0.0174376300069
Dog_1_test_segment_0195.mat,0.679053641279
Dog_4_test_segment_0968.mat,0.00139058154891
Dog_1_test_segment_0343.mat,0.884090532718
Dog_5_test_segment_0166.mat,0.00114398145359
Dog_3_test_segment_0492.mat,0.453299433173
Dog_4_test_segment_0981.mat,2.85758475055e-05
Dog_2_test_segment_0997.mat,0.000514727240019
Dog_4_test_segment_0510.mat,0.000686040168978
Dog_1_test_segment_0169.mat,0.144146114581
Dog_2_test_segment_0790.mat,0.0027993374873
Dog_1_test_segment_0003.mat,0.00030669547838
Dog_3_test_segment_0656.mat,0.00298312662804
Dog_4_test_segment_0248.mat,0.00258925095441
Dog_3_test_segment_0302.mat,0.00253980578067
Dog_3_test_segment_0805.mat,0.0100255861163
Dog_2_test_segment_0548.mat,0.00906561628349
Dog_4_test_segment_0312.mat,4.07764666398e-06
Dog_4_test_segment_0325.mat,1.82172091521e-05
Dog_2_test_segment_0250.mat,0.00165103738551
Dog_3_test_segment_0226.mat,0.00194040193218
Dog_4_test_segment_0865.mat,2.5669379887e-05
Dog_2_test_segment_0778.mat,0.284906032203
Dog_2_test_segment_0041.mat,0.0134697718045
Dog_4_test_segment_0789.mat,0.00399081169504
Dog_5_test_segment_0077.mat,0.0011439892474
Dog_4_test_segment_0264.mat,0.000700451342729
Dog_1_test_segment_0276.mat,0.768132078037
Dog_1_test_segment_0422.mat,0.024009828469
Dog_2_test_segment_0224.mat,0.000335015863089
Dog_3_test_segment_0171.mat,0.0027262455349
Dog_4_test_segment_0659.mat,0.00812993097004
Dog_1_test_segment_0006.mat,0.048654152924
Dog_4_test_segment_0379.mat,0.000600627050422
Patient_1_test_segment_0025.mat,0.253190550163
Dog_2_test_segment_0654.mat,0.0584495183055
Dog_3_test_segment_0256.mat,0.0118474134953
Dog_4_test_segment_0113.mat,0.00152899259704
Dog_4_test_segment_0581.mat,0.00976686687204
Dog_3_test_segment_0425.mat,0.0539712382426
Dog_2_test_segment_0617.mat,0.00228015505297
Dog_3_test_segment_0475.mat,0.0032517046036
Dog_4_test_segment_0763.mat,1.02046695722e-05
Dog_2_test_segment_0990.mat,0.0604072774562
Dog_4_test_segment_0471.mat,0.232796336559
Dog_2_test_segment_0598.mat,0.0784145225631
Dog_2_test_segment_0072.mat,0.0444703601275
Dog_4_test_segment_0878.mat,0.00901792641799
Dog_5_test_segment_0014.mat,0.00114398964516
Dog_2_test_segment_0374.mat,0.00106276704586
Dog_4_test_segment_0145.mat,0.00364435740838
Dog_1_test_segment_0326.mat,0.43046539116
Dog_4_test_segment_0008.mat,0.03460189806
Dog_2_test_segment_0499.mat,0.000447865738761
Dog_3_test_segment_0848.mat,0.00144981721114
Dog_4_test_segment_0587.mat,0.000449507154322
Dog_5_test_segment_0003.mat,0.00111525074805
Dog_4_test_segment_0389.mat,5.25407069981e-05
Dog_5_test_segment_0176.mat,0.00114398145359
Dog_1_test_segment_0372.mat,0.0182056545609
Dog_3_test_segment_0446.mat,0.135409581526
Dog_2_test_segment_0334.mat,0.166632292602
Dog_2_test_segment_0922.mat,0.2736875529
Dog_2_test_segment_0854.mat,0.0121727574313
Patient_1_test_segment_0097.mat,0.83014529306
Dog_1_test_segment_0296.mat,0.0123035267743
Dog_2_test_segment_0480.mat,0.0377848941811
Dog_4_test_segment_0531.mat,0.000449564499896
Dog_1_test_segment_0267.mat,0.0116389869736
Patient_2_test_segment_0102.mat,0.535291650454
Dog_4_test_segment_0313.mat,0.0311895182129
Dog_3_test_segment_0452.mat,0.0115324291919
Patient_1_test_segment_0102.mat,0.701933211289
Dog_3_test_segment_0130.mat,0.653044881552
Dog_2_test_segment_0039.mat,0.124295031908
Dog_3_test_segment_0078.mat,0.0563379001552
Dog_3_test_segment_0035.mat,0.00188079495478
Dog_2_test_segment_0376.mat,0.0139585245715
Dog_4_test_segment_0097.mat,0.000933046273381
Dog_2_test_segment_0108.mat,0.0504910896363
Dog_4_test_segment_0287.mat,0.00432047985537
Dog_2_test_segment_0820.mat,0.0306272240756
Dog_4_test_segment_0019.mat,0.0185861504326
Dog_2_test_segment_0732.mat,0.398370872208
Dog_4_test_segment_0420.mat,0.000349374709469
Dog_4_test_segment_0288.mat,0.00122766247678
Dog_3_test_segment_0509.mat,0.0547889270596
Dog_2_test_segment_0282.mat,0.028209941871
Dog_4_test_segment_0464.mat,0.0257740460832
Dog_3_test_segment_0497.mat,0.0375146378967
Dog_2_test_segment_0103.mat,0.037927997365
Dog_2_test_segment_0137.mat,0.0411275879604
Dog_2_test_segment_0358.mat,0.00586578049997
Dog_4_test_segment_0513.mat,0.0027691244691
Dog_3_test_segment_0340.mat,0.538015973181
Dog_4_test_segment_0017.mat,0.194055130313
Dog_4_test_segment_0314.mat,0.000494594493634
Dog_3_test_segment_0694.mat,0.170486273156
Dog_4_test_segment_0451.mat,0.000935198561889
Dog_1_test_segment_0452.mat,0.00026673778936
Dog_4_test_segment_0594.mat,0.000527548421004
Dog_2_test_segment_0123.mat,0.0290043937231
Dog_4_test_segment_0522.mat,0.0019667277731
Dog_1_test_segment_0397.mat,0.00571713152901
Dog_3_test_segment_0275.mat,0.00946654106622
Dog_1_test_segment_0415.mat,0.0131329766011
Dog_4_test_segment_0144.mat,0.010788060463
Dog_2_test_segment_0663.mat,0.0270382873921
Dog_2_test_segment_0433.mat,0.00925674250145
Dog_4_test_segment_0398.mat,0.332903465699
Dog_3_test_segment_0416.mat,0.0685007417274
Dog_3_test_segment_0292.mat,0.00747939494357
Dog_4_test_segment_0324.mat,0.000113317504361
Dog_1_test_segment_0496.mat,0.0098707373105
Dog_4_test_segment_0709.mat,0.000432221203385
Dog_1_test_segment_0237.mat,0.236021573779
Dog_3_test_segment_0117.mat,0.00167973979613
Dog_4_test_segment_0432.mat,0.453506360304
Dog_4_test_segment_0185.mat,0.021166681078
Dog_4_test_segment_0091.mat,0.00348356334426
Dog_2_test_segment_0511.mat,0.227418366655
Dog_4_test_segment_0007.mat,0.000156127527375
Dog_4_test_segment_0550.mat,0.0327855107598
Dog_1_test_segment_0255.mat,0.0386276054033
Dog_1_test_segment_0502.mat,0.000879866821172
Dog_4_test_segment_0405.mat,0.0386426394075
Dog_5_test_segment_0033.mat,0.00114398152605
Dog_4_test_segment_0708.mat,0.000604292111768
Dog_3_test_segment_0405.mat,0.141753460203
Dog_2_test_segment_0249.mat,0.0038014437369
Dog_4_test_segment_0848.mat,7.75410629052e-06
Dog_3_test_segment_0513.mat,0.00809331804853
Dog_4_test_segment_0499.mat,6.46600433954e-06
Dog_1_test_segment_0472.mat,0.00892057697264
Dog_5_test_segment_0069.mat,0.000500128073167
Dog_2_test_segment_0475.mat,0.0122966788488
Dog_2_test_segment_0065.mat,0.0761915248957
Dog_2_test_segment_0459.mat,0.0186289909286
Dog_5_test_segment_0175.mat,0.00114398145359
Dog_5_test_segment_0007.mat,0.00114398145359
Dog_3_test_segment_0824.mat,0.0294248968527
Dog_2_test_segment_0312.mat,0.0295441670019
Dog_4_test_segment_0987.mat,1.63547851634e-05
Dog_3_test_segment_0172.mat,0.00562970532623
Dog_4_test_segment_0300.mat,0.341434391345
Dog_1_test_segment_0358.mat,0.012328495944
Dog_1_test_segment_0251.mat,0.000802288475102
Patient_2_test_segment_0078.mat,0.439507434261
Dog_2_test_segment_0512.mat,0.00163454202596
Dog_1_test_segment_0481.mat,0.0282818423904
Dog_2_test_segment_0829.mat,0.000248270891047
Dog_5_test_segment_0027.mat,6.22630265997e-05
Dog_1_test_segment_0442.mat,0.038981189558
Dog_2_test_segment_0124.mat,0.000523926433376
Dog_3_test_segment_0028.mat,0.0185060277629
Dog_4_test_segment_0424.mat,4.89036084618e-05
Dog_4_test_segment_0018.mat,0.0162809368677
Dog_4_test_segment_0232.mat,0.0186363330132
Dog_4_test_segment_0276.mat,0.14720669536
Dog_2_test_segment_0365.mat,0.04410294667
Dog_1_test_segment_0190.mat,0.0870043079428
Dog_4_test_segment_0817.mat,8.03297816999e-05
Dog_1_test_segment_0305.mat,0.00916374257209
Patient_2_test_segment_0053.mat,0.538444103115
Dog_2_test_segment_0081.mat,0.0552818392558
Dog_4_test_segment_0358.mat,0.100347823394
Dog_4_test_segment_0392.mat,0.146138886498
Dog_2_test_segment_0797.mat,0.00316848495933
Dog_3_test_segment_0006.mat,0.00230364082439
Dog_4_test_segment_0766.mat,1.77082209094e-05
Dog_4_test_segment_0020.mat,0.00396754414736
Dog_2_test_segment_0579.mat,0.00510540832067
Dog_3_test_segment_0356.mat,0.00237939383434
Dog_4_test_segment_0373.mat,0.734040709815
Dog_2_test_segment_0643.mat,0.00268240128553
Dog_1_test_segment_0005.mat,0.190052680388
Dog_5_test_segment_0149.mat,6.26790426174e-06
Dog_4_test_segment_0034.mat,0.0361580489592
Dog_3_test_segment_0396.mat,0.00684324008203
Dog_3_test_segment_0458.mat,0.00231106896703
Patient_2_test_segment_0103.mat,0.538444101947
Patient_2_test_segment_0149.mat,0.538444101683
Dog_3_test_segment_0568.mat,0.0193644884338
Dog_3_test_segment_0073.mat,0.0173483014276
Dog_2_test_segment_0156.mat,0.0939366246071
Dog_2_test_segment_0659.mat,0.00575266612915
Dog_3_test_segment_0337.mat,0.170391298291
Dog_2_test_segment_0544.mat,0.00112083673289
Dog_2_test_segment_0181.mat,0.0497550777108
Dog_5_test_segment_0099.mat,0.000235287137027
Patient_1_test_segment_0152.mat,0.305630465588
Dog_1_test_segment_0299.mat,0.000643672131921
Dog_3_test_segment_0558.mat,0.00934797790045
Dog_3_test_segment_0897.mat,0.100223273122
Dog_3_test_segment_0147.mat,0.00963807554212
Patient_2_test_segment_0144.mat,0.538444101947
Dog_2_test_segment_0330.mat,0.321734845375
Dog_4_test_segment_0474.mat,0.613096065241
Dog_3_test_segment_0129.mat,0.00217315145208
Dog_1_test_segment_0187.mat,0.171459791299
Dog_2_test_segment_0660.mat,0.00171954925421
Dog_4_test_segment_0094.mat,0.671324051344
Dog_3_test_segment_0274.mat,0.00336158627728
Dog_1_test_segment_0501.mat,0.221683271454
Dog_4_test_segment_0103.mat,0.00541245826462
Dog_4_test_segment_0956.mat,0.00272639290329
Dog_5_test_segment_0138.mat,6.50656300607e-05
Dog_1_test_segment_0327.mat,0.00560433084231
Dog_2_test_segment_0528.mat,0.00132213294011
Dog_3_test_segment_0092.mat,0.00629813749175
Patient_1_test_segment_0045.mat,0.873004293306
Patient_2_test_segment_0002.mat,0.557857742086
Patient_1_test_segment_0176.mat,0.207122427416
Dog_1_test_segment_0157.mat,0.0520760107866
Dog_4_test_segment_0944.mat,0.00815398381002
Dog_3_test_segment_0684.mat,0.0682537936533
Patient_1_test_segment_0142.mat,0.213072698619
Dog_4_test_segment_0289.mat,0.000124583457699
Dog_1_test_segment_0144.mat,0.00199708315822
Dog_3_test_segment_0488.mat,0.106641452468
Dog_3_test_segment_0372.mat,0.137951253951
Dog_4_test_segment_0983.mat,0.956697178569
Dog_4_test_segment_0458.mat,0.00160665792381
Dog_4_test_segment_0126.mat,0.00214934012206
Dog_5_test_segment_0191.mat,0.00114447954023
Dog_2_test_segment_0706.mat,0.0271109932527
Dog_3_test_segment_0761.mat,0.0124807976416
Dog_3_test_segment_0899.mat,0.0049355930553
Dog_4_test_segment_0326.mat,2.0025108527e-05
Dog_4_test_segment_0743.mat,0.0431447695629
Dog_1_test_segment_0175.mat,0.414845727951
Dog_2_test_segment_0153.mat,0.00821065946421
Dog_2_test_segment_0154.mat,0.00723574144738
Dog_5_test_segment_0140.mat,0.00114399326405
Dog_1_test_segment_0141.mat,0.0113658892678
Dog_4_test_segment_0508.mat,2.40447789767e-05
Patient_2_test_segment_0110.mat,0.538426507056
Dog_4_test_segment_0562.mat,0.14339137806
Dog_3_test_segment_0828.mat,0.0638920531859
Dog_5_test_segment_0181.mat,9.93611963596e-06
Dog_5_test_segment_0063.mat,7.79942838858e-06
Dog_2_test_segment_0232.mat,0.0547154383517
Dog_3_test_segment_0159.mat,0.00309432597488
Dog_1_test_segment_0377.mat,0.0231475478628
Dog_4_test_segment_0050.mat,0.00142551646635
Patient_1_test_segment_0010.mat,0.881274380147
Dog_5_test_segment_0100.mat,0.00114398145356
Dog_2_test_segment_0804.mat,0.0341408118126
Dog_2_test_segment_0704.mat,0.444041962363
Dog_1_test_segment_0497.mat,0.0107435029015
Dog_2_test_segment_0360.mat,0.0374658887463
Dog_3_test_segment_0664.mat,0.00193722995604
Dog_3_test_segment_0255.mat,0.00173424065444
Dog_4_test_segment_0177.mat,0.0980982307425
Dog_4_test_segment_0211.mat,0.153596398515
Dog_1_test_segment_0151.mat,0.00219460615633
Dog_4_test_segment_0922.mat,0.239187352155
Dog_4_test_segment_0099.mat,0.180823758714
Dog_2_test_segment_0205.mat,0.00838728292983
Dog_4_test_segment_0262.mat,0.0528105167924
Dog_1_test_segment_0212.mat,0.011519676647
Patient_2_test_segment_0054.mat,0.533875679877
Dog_3_test_segment_0429.mat,0.155304426532
Dog_3_test_segment_0087.mat,0.0225476174097
Dog_4_test_segment_0247.mat,0.000315401728976
Dog_4_test_segment_0366.mat,0.00214848544086
Dog_4_test_segment_0590.mat,0.0024090230123
Dog_3_test_segment_0624.mat,0.0219654663366
Dog_3_test_segment_0108.mat,0.243616910009
Dog_5_test_segment_0113.mat,2.13075000416e-05
Dog_1_test_segment_0163.mat,0.00172744594018
Dog_1_test_segment_0130.mat,0.00836504641363
Patient_1_test_segment_0012.mat,0.722776450615
Dog_4_test_segment_0268.mat,0.000546379975796
Dog_4_test_segment_0322.mat,0.00032644987958
Dog_2_test_segment_0173.mat,0.00249278469248
Dog_4_test_segment_0129.mat,0.000351446573923
Dog_3_test_segment_0301.mat,0.00635858554736
Dog_2_test_segment_0062.mat,0.0327630690644
Dog_3_test_segment_0107.mat,0.00366575053814
Dog_2_test_segment_0318.mat,0.0214319396078
Patient_2_test_segment_0043.mat,0.7907773032
Dog_1_test_segment_0045.mat,0.00388339250288
Dog_1_test_segment_0498.mat,0.850150478394
Dog_4_test_segment_0716.mat,0.000532224929003
Dog_3_test_segment_0317.mat,0.0343035972053
Dog_4_test_segment_0641.mat,0.043819121633
Dog_4_test_segment_0713.mat,9.03576541904e-06
Dog_1_test_segment_0345.mat,0.20639644432
Dog_2_test_segment_0159.mat,0.00400905378264
Dog_2_test_segment_0878.mat,0.0427177562643
Dog_3_test_segment_0348.mat,0.00148232897695
Dog_4_test_segment_0180.mat,0.00038385080937
Dog_4_test_segment_0509.mat,0.00518130789726
Dog_4_test_segment_0939.mat,0.00543337532192
Dog_3_test_segment_0591.mat,0.491030550043
Dog_1_test_segment_0001.mat,0.0138181158121
Dog_2_test_segment_0414.mat,0.0831816602541
Dog_4_test_segment_0880.mat,0.000133186187806
Dog_3_test_segment_0326.mat,0.0251032547557
Dog_2_test_segment_0844.mat,0.000249922112714
Dog_1_test_segment_0441.mat,0.000897936306174
Dog_1_test_segment_0088.mat,0.941373890144
Patient_1_test_segment_0093.mat,0.895330645483
Dog_3_test_segment_0697.mat,0.0229857227729
Patient_2_test_segment_0017.mat,0.538444101947
Dog_4_test_segment_0435.mat,0.00177583216064
Dog_2_test_segment_0100.mat,0.00088170383184
Dog_2_test_segment_0395.mat,0.0292640946279
Dog_4_test_segment_0187.mat,0.0119975333456
Dog_1_test_segment_0275.mat,0.00388788961521
Dog_2_test_segment_0068.mat,0.0062581237445
Patient_2_test_segment_0025.mat,0.538444101947
Dog_4_test_segment_0746.mat,0.192347600906
Dog_4_test_segment_0122.mat,0.00937246838112
Patient_1_test_segment_0033.mat,0.13924964803
Dog_2_test_segment_0213.mat,0.00165042685395
Dog_3_test_segment_0009.mat,0.239204062369
Dog_3_test_segment_0851.mat,0.47463664034
Dog_2_test_segment_0025.mat,0.0269000452386
Dog_2_test_segment_0973.mat,0.0358787182393
Dog_4_test_segment_0310.mat,0.0433460815748
Dog_3_test_segment_0272.mat,0.27897724974
Dog_1_test_segment_0062.mat,0.00143785373359
Dog_3_test_segment_0281.mat,0.172684938382
Dog_4_test_segment_0110.mat,0.00120749282549
Dog_4_test_segment_0286.mat,0.000589938037225
Dog_2_test_segment_0802.mat,0.0292326868905
Dog_4_test_segment_0227.mat,1.63890031097e-05
Dog_2_test_segment_0276.mat,0.0200840022257
Dog_2_test_segment_0252.mat,0.0160165918346
Dog_4_test_segment_0380.mat,0.00519165455833
Dog_2_test_segment_0030.mat,0.063477146144
Dog_2_test_segment_0919.mat,0.00163455161972
Dog_2_test_segment_0442.mat,0.182791426182
Dog_3_test_segment_0164.mat,0.00236586323923
Dog_2_test_segment_0011.mat,0.00261525435291
Dog_3_test_segment_0075.mat,0.229087824589
Dog_4_test_segment_0875.mat,0.811462339772
Dog_1_test_segment_0007.mat,0.0019596334018
Dog_4_test_segment_0414.mat,0.000571244588062
Dog_1_test_segment_0273.mat,0.00516257658187
Dog_1_test_segment_0165.mat,0.148160434394
Dog_3_test_segment_0140.mat,0.813480350334
Dog_3_test_segment_0033.mat,0.636893684316
Dog_2_test_segment_0373.mat,0.00608502810249
Dog_4_test_segment_0833.mat,0.00248856292531
Dog_1_test_segment_0164.mat,0.0387113599282
Dog_2_test_segment_0218.mat,0.0846728219896
Dog_3_test_segment_0150.mat,0.00259253602449
Patient_1_test_segment_0175.mat,0.204519433499
Dog_2_test_segment_0709.mat,0.0141142094739
Patient_1_test_segment_0083.mat,0.103018972513
Dog_3_test_segment_0017.mat,0.0759659571162
Dog_4_test_segment_0847.mat,0.00170988716034
Dog_4_test_segment_0624.mat,0.000673384343799
Dog_4_test_segment_0394.mat,0.00235522085564
Dog_3_test_segment_0657.mat,0.00201340894256
Dog_4_test_segment_0577.mat,1.38230361713e-05
Dog_4_test_segment_0328.mat,0.00293620178166
Dog_3_test_segment_0677.mat,0.00979914932703
Dog_2_test_segment_0694.mat,0.0184805564212
Dog_3_test_segment_0674.mat,0.00790670388041
Dog_4_test_segment_0150.mat,0.000445049899561
Dog_1_test_segment_0333.mat,0.00531248855237
Dog_1_test_segment_0110.mat,0.00204537352064
Dog_2_test_segment_0946.mat,0.00163502505964
Patient_1_test_segment_0183.mat,0.139073163808
Dog_3_test_segment_0287.mat,0.0131324195789
Dog_2_test_segment_0648.mat,0.213016622387
Patient_1_test_segment_0015.mat,0.848541481532
Dog_2_test_segment_0397.mat,0.073703456385
Dog_3_test_segment_0850.mat,0.143981207099
Dog_2_test_segment_0402.mat,0.0320948831924
Dog_3_test_segment_0718.mat,0.0264108088277
Patient_2_test_segment_0091.mat,0.409116377224
Dog_1_test_segment_0167.mat,0.0165974466013
Dog_3_test_segment_0119.mat,0.00829502453955
Dog_2_test_segment_0164.mat,0.0174224573902
Patient_1_test_segment_0046.mat,0.911911850802
Dog_5_test_segment_0097.mat,0.00114398145359
Dog_4_test_segment_0182.mat,0.0124233246742
Patient_2_test_segment_0086.mat,0.559915872096
Dog_4_test_segment_0393.mat,0.23173753385
Dog_2_test_segment_0801.mat,0.00911652994509
Dog_3_test_segment_0102.mat,0.00153758894217
Dog_4_test_segment_0569.mat,4.85770077197e-06
Dog_4_test_segment_0863.mat,0.0257540073577
Patient_1_test_segment_0163.mat,0.791981573117
Dog_4_test_segment_0948.mat,0.00151411944523
Dog_3_test_segment_0588.mat,0.00182749771654
Dog_3_test_segment_0400.mat,0.234839213435
Dog_3_test_segment_0366.mat,0.00205273761949
Dog_2_test_segment_0142.mat,0.0302092604255
Dog_2_test_segment_0087.mat,0.0903781289923
Dog_3_test_segment_0212.mat,0.194468214667
Patient_2_test_segment_0075.mat,0.447334379063
Dog_2_test_segment_0851.mat,0.0091053041691
Dog_2_test_segment_0650.mat,0.0895723088971
Dog_2_test_segment_0945.mat,0.0594480374532
Dog_2_test_segment_0714.mat,0.00935163560327
Dog_5_test_segment_0163.mat,0.00114398145366
Dog_3_test_segment_0045.mat,0.00853896133519
Dog_2_test_segment_0238.mat,0.112335970413
Dog_5_test_segment_0031.mat,1.09303697872e-05
Dog_4_test_segment_0166.mat,0.118443022493
Dog_3_test_segment_0165.mat,0.00184826385685
Dog_1_test_segment_0293.mat,0.366619177358
Dog_4_test_segment_0546.mat,0.0152624082363
Patient_1_test_segment_0019.mat,0.837229110607
Dog_2_test_segment_0167.mat,0.255939706553
Dog_5_test_segment_0108.mat,0.00114398145254
Dog_2_test_segment_0939.mat,0.00979996353732
Dog_4_test_segment_0190.mat,3.32286471431e-06
Dog_2_test_segment_0677.mat,0.00163508246728
Dog_3_test_segment_0525.mat,0.120536206446
Dog_3_test_segment_0461.mat,0.0162975677737
Dog_5_test_segment_0059.mat,0.00141954186735
Dog_1_test_segment_0353.mat,0.0201076307057
Dog_1_test_segment_0114.mat,0.129132543551
Dog_3_test_segment_0716.mat,0.0307699579092
Dog_4_test_segment_0016.mat,0.00100473662779
Dog_3_test_segment_0570.mat,0.375025386652
Dog_4_test_segment_0064.mat,0.000257040184227
Dog_4_test_segment_0926.mat,0.00198073402717
Dog_1_test_segment_0035.mat,0.945425377543
Dog_2_test_segment_0143.mat,0.000293965615952
Dog_2_test_segment_0352.mat,0.00305937223212
Dog_4_test_segment_0338.mat,0.00321403507187
Dog_2_test_segment_0274.mat,0.00163456502823
Dog_2_test_segment_0703.mat,0.0233469373765
Dog_4_test_segment_0208.mat,0.000406384660254
Dog_4_test_segment_0900.mat,0.0259124089281
Dog_4_test_segment_0545.mat,0.000124867142764
Dog_4_test_segment_0270.mat,0.00238728901091
Dog_4_test_segment_0788.mat,0.000295968248607
Dog_2_test_segment_0774.mat,0.4539736196
Dog_2_test_segment_0702.mat,0.040322415028
Dog_1_test_segment_0089.mat,0.142482691007
Dog_2_test_segment_0891.mat,0.00851356950999
Dog_3_test_segment_0350.mat,0.0239490982667
Patient_1_test_segment_0132.mat,0.745519503059
Dog_5_test_segment_0092.mat,4.75686662566e-05
Dog_3_test_segment_0063.mat,0.00821164821494
Dog_2_test_segment_0592.mat,0.108724619316
Dog_2_test_segment_0942.mat,0.330628211581
Dog_2_test_segment_0863.mat,0.0543680247809
Dog_2_test_segment_0302.mat,0.00763004725584
Dog_1_test_segment_0027.mat,0.00272794745317
Dog_3_test_segment_0358.mat,0.296882774377
Dog_1_test_segment_0492.mat,0.00864456616022
Dog_3_test_segment_0370.mat,0.179499116798
Dog_1_test_segment_0115.mat,0.120441551368
Dog_4_test_segment_0412.mat,0.00694437094108
Dog_5_test_segment_0040.mat,3.46028779374e-05
Dog_3_test_segment_0666.mat,0.168132402247
Dog_2_test_segment_0910.mat,0.0527213646047
Dog_2_test_segment_0681.mat,0.345876859297
Dog_4_test_segment_0541.mat,0.00342022409827
Patient_2_test_segment_0060.mat,0.216184653965
Dog_2_test_segment_0120.mat,0.00277195101743
Dog_3_test_segment_0584.mat,0.0575264223138
Dog_2_test_segment_0001.mat,0.016635632666
Dog_3_test_segment_0052.mat,0.0948664992589
Dog_2_test_segment_0248.mat,0.00417860377834
Dog_1_test_segment_0389.mat,0.00383196392661
Patient_1_test_segment_0157.mat,0.552045031264
Dog_4_test_segment_0339.mat,0.00201890658641
Dog_3_test_segment_0167.mat,0.00304497150144
Dog_1_test_segment_0127.mat,0.0559820466056
Dog_4_test_segment_0791.mat,0.000414791858915
Dog_4_test_segment_0725.mat,0.0300217300627
Dog_2_test_segment_0855.mat,0.0695134549901
Dog_4_test_segment_0938.mat,0.000118931267445
Dog_4_test_segment_0828.mat,0.000175706707334
Dog_4_test_segment_0799.mat,1.56187633687e-06
Dog_3_test_segment_0832.mat,0.00189912578133
Dog_2_test_segment_0871.mat,0.0067147782224
Patient_2_test_segment_0015.mat,0.551500427732
Dog_2_test_segment_0021.mat,0.112257989212
Dog_4_test_segment_0200.mat,0.00583783280813
Dog_4_test_segment_0181.mat,0.00304499116569
Dog_2_test_segment_0777.mat,0.0427216894317
Dog_2_test_segment_0720.mat,0.231781425844
Dog_4_test_segment_0952.mat,0.00257063048726
Patient_2_test_segment_0004.mat,0.538444139187
Dog_3_test_segment_0880.mat,0.00399390705181
Dog_4_test_segment_0086.mat,0.101134998376
Dog_3_test_segment_0663.mat,0.00193471237719
Dog_2_test_segment_0975.mat,0.287847123653
Dog_3_test_segment_0771.mat,0.0892626484345
Dog_5_test_segment_0053.mat,0.0011562118741
Dog_1_test_segment_0170.mat,0.0178617816992
Dog_2_test_segment_0994.mat,0.0177908766743
Dog_2_test_segment_0333.mat,0.194684174841
Dog_2_test_segment_0619.mat,0.00176844716258
Dog_1_test_segment_0177.mat,0.805058236932
Dog_4_test_segment_0710.mat,0.000703548402797
Dog_3_test_segment_0758.mat,0.00257965209585
Dog_1_test_segment_0125.mat,0.00236126434636
Dog_1_test_segment_0370.mat,0.0244264415685
Dog_1_test_segment_0126.mat,0.00152417241178
Dog_2_test_segment_0288.mat,0.00495953195685
Dog_1_test_segment_0082.mat,0.00444213922773
Dog_5_test_segment_0054.mat,0.00114398145168
Dog_5_test_segment_0034.mat,0.00114398145359
Dog_4_test_segment_0132.mat,5.42560665186e-05
Dog_3_test_segment_0089.mat,0.00705017269826
Dog_2_test_segment_0182.mat,0.402505241423
Dog_2_test_segment_0550.mat,0.00172588052084
Patient_1_test_segment_0030.mat,0.636424876696
Dog_4_test_segment_0377.mat,0.00183566311926
Dog_2_test_segment_0646.mat,0.0603646455525
Dog_3_test_segment_0781.mat,0.148383259073
Dog_5_test_segment_0125.mat,4.89261515759e-06
Dog_1_test_segment_0495.mat,0.00197817992643
Dog_4_test_segment_0354.mat,0.000567935811646
Dog_5_test_segment_0050.mat,0.00114398145359
Dog_3_test_segment_0036.mat,0.928645590993
Dog_2_test_segment_0479.mat,0.0420148208143
Dog_1_test_segment_0423.mat,0.00256282857412
Dog_2_test_segment_0584.mat,0.137347271159
Dog_5_test_segment_0045.mat,0.00114398151028
Dog_2_test_segment_0794.mat,0.0570118488237
Dog_2_test_segment_0002.mat,0.00935538500463
Dog_1_test_segment_0319.mat,0.0426098981698
Dog_3_test_segment_0175.mat,0.0102973949277
Dog_1_test_segment_0221.mat,0.022924100901
Dog_4_test_segment_0068.mat,0.00109493423261
Dog_3_test_segment_0219.mat,0.0119450837809
Dog_4_test_segment_0169.mat,0.000878014841201
Dog_4_test_segment_0962.mat,9.87512402279e-05
Dog_2_test_segment_0803.mat,0.0450713680418
Dog_1_test_segment_0060.mat,0.000405409242139
Dog_2_test_segment_0897.mat,0.00313424138292
Dog_2_test_segment_0230.mat,0.0103699910253
Patient_2_test_segment_0039.mat,0.163378396179
Dog_2_test_segment_0527.mat,0.0317037307474
Dog_4_test_segment_0355.mat,0.0133208202117
Dog_2_test_segment_0420.mat,0.00874016568997
Dog_2_test_segment_0096.mat,0.0625107309342
Dog_3_test_segment_0688.mat,0.00834602452259
Dog_1_test_segment_0477.mat,0.207729099357
Dog_4_test_segment_0705.mat,0.000291055591509
Dog_3_test_segment_0001.mat,0.00451393941125
Dog_3_test_segment_0601.mat,0.0447708715404
Dog_2_test_segment_0166.mat,0.0948733754748
Dog_2_test_segment_0683.mat,0.0195998937678
Dog_4_test_segment_0923.mat,0.000329415884327
Dog_3_test_segment_0244.mat,0.00312900974621
Dog_2_test_segment_0253.mat,0.0156328000335
Dog_4_test_segment_0669.mat,0.000199810377974
Dog_1_test_segment_0199.mat,0.000488964201727
Dog_2_test_segment_0586.mat,0.0522041355624
Dog_3_test_segment_0503.mat,0.00525175768988
Dog_5_test_segment_0132.mat,0.00114398141621
Dog_2_test_segment_0199.mat,0.0747648716077
Patient_1_test_segment_0028.mat,0.249153014136
Dog_4_test_segment_0572.mat,0.0410207223305
Dog_3_test_segment_0535.mat,0.0013281398212
Dog_2_test_segment_0825.mat,0.00163508914514
Dog_3_test_segment_0192.mat,0.0459641902373
Dog_2_test_segment_1000.mat,0.00183905873045
Dog_2_test_segment_0197.mat,0.00162888559574
Dog_2_test_segment_0175.mat,0.00098922289655
Dog_4_test_segment_0844.mat,0.00132850437288
Patient_1_test_segment_0105.mat,0.85199978968
Dog_4_test_segment_0825.mat,0.000297436729016
Patient_1_test_segment_0031.mat,0.827713627364
Dog_3_test_segment_0847.mat,0.572507129156
Dog_3_test_segment_0187.mat,0.0093731225316
Patient_2_test_segment_0020.mat,0.554448715176
Dog_2_test_segment_0037.mat,0.00649095510569
Dog_3_test_segment_0537.mat,0.0156208634571
Dog_4_test_segment_0533.mat,0.00319920441708
Patient_1_test_segment_0145.mat,0.641185413656
Patient_1_test_segment_0104.mat,0.141635379261
Dog_5_test_segment_0013.mat,7.01551558633e-06
Dog_2_test_segment_0381.mat,0.253482140059
Dog_2_test_segment_0981.mat,0.00805734470739
Dog_1_test_segment_0093.mat,0.075867021818
Dog_4_test_segment_0606.mat,0.00240029561962
Patient_1_test_segment_0135.mat,0.892891443715
Dog_1_test_segment_0349.mat,0.404734927898
Dog_1_test_segment_0116.mat,0.152891146572
Dog_4_test_segment_0924.mat,0.000580828717865
Patient_1_test_segment_0021.mat,0.676549511674
Dog_1_test_segment_0309.mat,0.0136897760372
Dog_4_test_segment_0679.mat,0.0301981917762
Dog_4_test_segment_0604.mat,0.00698345569616
Dog_5_test_segment_0035.mat,0.00114398145359
Dog_3_test_segment_0101.mat,0.0128524180597
Dog_4_test_segment_0263.mat,0.0637653889402
Dog_2_test_segment_0107.mat,0.795968620879
Dog_3_test_segment_0808.mat,0.00179263212055
Dog_1_test_segment_0070.mat,0.00362372878289
Dog_3_test_segment_0368.mat,0.0430321309874
Dog_2_test_segment_0567.mat,0.0156996896639
Dog_2_test_segment_0482.mat,0.00247283337864
Dog_2_test_segment_0320.mat,0.236793410565
Dog_4_test_segment_0535.mat,0.027290527199
Dog_4_test_segment_0329.mat,0.000210231311502
Dog_3_test_segment_0013.mat,0.693132348288
Dog_4_test_segment_0614.mat,9.06175750511e-05
Dog_1_test_segment_0375.mat,0.0137937426226
Dog_4_test_segment_0203.mat,4.88797819464e-05
Dog_2_test_segment_0028.mat,0.00511590627646
Dog_4_test_segment_0707.mat,1.84113159715e-05
Dog_3_test_segment_0596.mat,0.00215387663125
Dog_4_test_segment_0024.mat,0.000494754373569
Dog_2_test_segment_0071.mat,0.00131292191026
Dog_2_test_segment_0421.mat,0.0128138532742
Dog_1_test_segment_0484.mat,0.190180867171
Dog_2_test_segment_0615.mat,0.0521064500285
Dog_1_test_segment_0401.mat,0.00598027372019
Dog_3_test_segment_0478.mat,0.0669035689483
Dog_4_test_segment_0660.mat,2.11041574905e-05
Patient_1_test_segment_0003.mat,0.0897551708802
Dog_2_test_segment_0558.mat,0.314339589963
Dog_3_test_segment_0082.mat,0.00241797695695
Dog_4_test_segment_0691.mat,0.0163620741075
Dog_2_test_segment_0983.mat,0.174905769695
Patient_2_test_segment_0073.mat,0.526066032961
Dog_3_test_segment_0291.mat,0.00304303691848
Dog_3_test_segment_0733.mat,0.00157989663961
Dog_1_test_segment_0193.mat,0.0379899248274
Dog_2_test_segment_0198.mat,0.019024842004
Dog_3_test_segment_0211.mat,0.00152481771202
Dog_4_test_segment_0141.mat,0.0117775236524
Dog_2_test_segment_0645.mat,0.00128655380738
Dog_2_test_segment_0657.mat,0.0461075928902
Dog_2_test_segment_0988.mat,0.060385277677
Patient_1_test_segment_0159.mat,0.8598976297
Dog_3_test_segment_0061.mat,0.00191412668504
Dog_2_test_segment_0211.mat,0.0674168523489
Dog_2_test_segment_0612.mat,0.172469654488
Dog_3_test_segment_0296.mat,0.00531736198397
Dog_4_test_segment_0095.mat,0.000711852895863
Dog_3_test_segment_0793.mat,0.00186181380579
Dog_3_test_segment_0059.mat,0.00802329803517
Dog_3_test_segment_0564.mat,0.0235327101854
Dog_4_test_segment_0539.mat,4.95620037188e-05
Patient_1_test_segment_0121.mat,0.814514708314
Dog_2_test_segment_0574.mat,0.0110265378506
Dog_3_test_segment_0473.mat,0.449657580886
Dog_2_test_segment_0729.mat,0.00181356298867
Dog_1_test_segment_0408.mat,0.00241013932965
Dog_4_test_segment_0361.mat,0.00109272468763
Patient_1_test_segment_0058.mat,0.887413426325
Dog_4_test_segment_0162.mat,0.628449943034
Dog_3_test_segment_0325.mat,0.00609460727215
Dog_3_test_segment_0139.mat,0.0636345460059
Dog_1_test_segment_0321.mat,0.0797799004651
Dog_1_test_segment_0405.mat,0.0035905073572
Dog_4_test_segment_0101.mat,8.81427670913e-06
Patient_2_test_segment_0146.mat,0.521295248199
Patient_1_test_segment_0118.mat,0.872978533093
Dog_1_test_segment_0298.mat,0.00621634747964
Dog_2_test_segment_0538.mat,0.206341346993
Dog_1_test_segment_0258.mat,0.172837680012
Dog_2_test_segment_0680.mat,0.00269579682172
Dog_2_test_segment_0486.mat,0.0842857180839
Dog_2_test_segment_0739.mat,0.00145634577597
Dog_4_test_segment_0897.mat,0.909859470608
Dog_1_test_segment_0238.mat,0.00105072786951
Dog_4_test_segment_0693.mat,0.0256630167774
Dog_4_test_segment_0837.mat,0.0401505840469
Dog_2_test_segment_0033.mat,0.00447275738194
Dog_2_test_segment_0817.mat,0.068823866125
Dog_2_test_segment_0735.mat,0.0174245061383
Dog_5_test_segment_0085.mat,0.00114398145269
Dog_4_test_segment_0304.mat,0.000147294004694
Dog_3_test_segment_0290.mat,0.00426292207089
Patient_1_test_segment_0136.mat,0.832195518194
Dog_1_test_segment_0311.mat,0.181172280353
Dog_1_test_segment_0279.mat,0.0238675591525
Dog_3_test_segment_0463.mat,0.00183507852766
Dog_3_test_segment_0278.mat,0.161149781364
Dog_1_test_segment_0194.mat,0.0158454873687
Dog_3_test_segment_0016.mat,0.0415547237834
Dog_4_test_segment_0291.mat,0.000694484314891
Dog_2_test_segment_0150.mat,0.000373903734294
Dog_1_test_segment_0468.mat,0.000929113396379
Dog_3_test_segment_0506.mat,0.00182745259156
Dog_3_test_segment_0903.mat,0.00313530878321
Dog_2_test_segment_0539.mat,0.203382916406
Dog_1_test_segment_0065.mat,0.0115636659724
Dog_3_test_segment_0148.mat,0.00373932922017
Dog_5_test_segment_0094.mat,4.51029458273e-05
Dog_3_test_segment_0714.mat,0.00543959170547
Dog_1_test_segment_0092.mat,0.00340079913427
Dog_1_test_segment_0173.mat,0.0255108596685
Dog_1_test_segment_0277.mat,0.00237079075169
Dog_3_test_segment_0878.mat,0.0255038862481
Dog_4_test_segment_0834.mat,8.55847816576e-05
Dog_1_test_segment_0351.mat,0.00326293803088
Dog_5_test_segment_0121.mat,3.79464250883e-06
Dog_3_test_segment_0423.mat,0.00177093108756
Dog_4_test_segment_0629.mat,0.0416889099811
Dog_3_test_segment_0467.mat,0.38932191872
Dog_2_test_segment_0439.mat,0.00544401399511
Dog_4_test_segment_0748.mat,0.000774300174431
Dog_1_test_segment_0362.mat,0.0244244919004
Dog_2_test_segment_0603.mat,0.0855594106578
Dog_4_test_segment_0496.mat,4.10185955995e-05
Dog_3_test_segment_0705.mat,0.650872980478
Dog_2_test_segment_0517.mat,0.00350183832467
Dog_3_test_segment_0414.mat,0.120216156556
Dog_3_test_segment_0149.mat,0.0287110259081
Patient_2_test_segment_0121.mat,0.538444101947
Dog_3_test_segment_0551.mat,0.0246826091363
Dog_4_test_segment_0839.mat,1.4966643117e-05
Dog_2_test_segment_0959.mat,0.0030108553496
Dog_4_test_segment_0023.mat,0.00157166816145
Dog_5_test_segment_0062.mat,0.00114398145359
Dog_3_test_segment_0419.mat,0.043673288613
Dog_2_test_segment_0818.mat,0.000825259546896
Patient_2_test_segment_0001.mat,0.538444101953
Dog_2_test_segment_0488.mat,0.0038482229388
Dog_2_test_segment_0881.mat,0.0061884578662
Dog_1_test_segment_0487.mat,0.0022098670761
Dog_5_test_segment_0161.mat,0.00114398145359
Dog_3_test_segment_0228.mat,0.134271922391
Dog_3_test_segment_0418.mat,0.00171567116014
Dog_3_test_segment_0100.mat,0.01610228317
Patient_1_test_segment_0134.mat,0.843707691369
Dog_2_test_segment_0587.mat,0.0216634633201
Dog_4_test_segment_0416.mat,0.000375304498009
Dog_1_test_segment_0211.mat,0.000378062869808
Dog_3_test_segment_0786.mat,0.0017872449847
Dog_3_test_segment_0065.mat,0.0087833872053
Dog_2_test_segment_0489.mat,0.01195049927
Dog_3_test_segment_0773.mat,0.00203971644522
Dog_1_test_segment_0118.mat,0.0326761862617
Dog_2_test_segment_0822.mat,0.00546082039659
Dog_4_test_segment_0274.mat,0.000910548965835
Dog_2_test_segment_0808.mat,0.00163340853532
Dog_3_test_segment_0485.mat,0.0499553549213
Dog_4_test_segment_0089.mat,2.40590196157e-06
Patient_1_test_segment_0082.mat,0.813934120407
Dog_4_test_segment_0870.mat,1.5166353099e-05
Dog_3_test_segment_0263.mat,0.0109830531459
Dog_4_test_segment_0700.mat,0.00383114375731
Dog_2_test_segment_0602.mat,0.140242533136
Dog_3_test_segment_0046.mat,0.585116136107
Dog_4_test_segment_0030.mat,3.56107360382e-05
Dog_2_test_segment_0461.mat,0.235828524953
Dog_4_test_segment_0043.mat,0.000271945067249
Dog_4_test_segment_0773.mat,0.351217432001
Dog_4_test_segment_0367.mat,0.000225111451656
Dog_2_test_segment_0180.mat,0.0306047601081
Dog_4_test_segment_0281.mat,1.00000009947e-07
Dog_2_test_segment_0220.mat,0.042056454018
Dog_3_test_segment_0142.mat,0.00338216830131
Dog_4_test_segment_0342.mat,0.000278320387647
Dog_2_test_segment_0307.mat,0.00117422113128
Patient_2_test_segment_0087.mat,0.529888376589
Dog_4_test_segment_0794.mat,0.0422007095319
Dog_3_test_segment_0645.mat,0.088126213576
Dog_3_test_segment_0843.mat,0.00188467290745
Dog_2_test_segment_0086.mat,0.00685204902371
Dog_2_test_segment_0662.mat,0.0156628225939
Patient_1_test_segment_0070.mat,0.926747922159
Dog_4_test_segment_0460.mat,0.00406676098561
Dog_4_test_segment_0957.mat,0.0389710440011
Dog_4_test_segment_0193.mat,0.000256550297377
Patient_1_test_segment_0080.mat,0.308849617591
Dog_4_test_segment_0368.mat,0.0152641451537
Dog_4_test_segment_0977.mat,0.0508806107752
Dog_4_test_segment_0032.mat,0.0058498797874
Dog_2_test_segment_0691.mat,0.318034298926
Patient_1_test_segment_0096.mat,0.626420857971
Patient_1_test_segment_0160.mat,0.588977785498
Dog_4_test_segment_0231.mat,0.000444196081242
Dog_2_test_segment_0529.mat,0.187246273575
Dog_4_test_segment_0795.mat,0.0174135991161
Patient_2_test_segment_0142.mat,0.538559219417
Dog_4_test_segment_0111.mat,9.98106923721e-05
Dog_1_test_segment_0043.mat,0.0472214801705
Dog_2_test_segment_0576.mat,0.00768640181071
Dog_3_test_segment_0600.mat,0.0141087442822
Dog_2_test_segment_0899.mat,0.0139411657603
Dog_3_test_segment_0104.mat,0.808274035584
Dog_4_test_segment_0250.mat,0.14189940319
Dog_4_test_segment_0941.mat,7.28155446397e-05
Dog_2_test_segment_0364.mat,0.218221775486
Dog_4_test_segment_0159.mat,0.000977415875024
Patient_2_test_segment_0042.mat,0.53886500898
Dog_3_test_segment_0801.mat,0.00208462158436
Dog_2_test_segment_0452.mat,0.0510079557299
Dog_4_test_segment_0277.mat,0.00206608215504
Dog_2_test_segment_0949.mat,0.00222388335207
Dog_3_test_segment_0344.mat,0.0941821837063
Dog_3_test_segment_0641.mat,0.25574202985
Dog_1_test_segment_0455.mat,0.00103376665431
Dog_3_test_segment_0789.mat,0.00928652709986
Patient_2_test_segment_0003.mat,0.538444101947
Dog_1_test_segment_0266.mat,0.00702931506262
Dog_4_test_segment_0491.mat,0.00212489347798
Dog_2_test_segment_0719.mat,0.0964410715013
Dog_3_test_segment_0795.mat,0.00761037694626
Dog_2_test_segment_0061.mat,0.0216438292724
Dog_3_test_segment_0224.mat,0.124829484195
Patient_2_test_segment_0052.mat,0.538444105523
Dog_4_test_segment_0214.mat,0.00448375144722
Dog_4_test_segment_0298.mat,0.0193964505422
Dog_3_test_segment_0377.mat,0.232737017161
Dog_2_test_segment_0546.mat,0.00788325513387
Dog_5_test_segment_0148.mat,0.00147297033557
Patient_2_test_segment_0065.mat,0.538442741458
Dog_4_test_segment_0318.mat,0.00183461960295
Dog_3_test_segment_0289.mat,0.00175349306392
Dog_3_test_segment_0022.mat,0.0624842148013
Dog_3_test_segment_0548.mat,0.0155277848861
Dog_3_test_segment_0360.mat,0.205115963082
Dog_2_test_segment_0747.mat,0.00263041952396
Dog_4_test_segment_0078.mat,0.0237881062195
Dog_3_test_segment_0495.mat,0.224967758886
Dog_1_test_segment_0287.mat,0.00199974954972
Dog_4_test_segment_0257.mat,0.0026546103534
Dog_4_test_segment_0780.mat,0.0313328359511
Dog_3_test_segment_0056.mat,0.226971124024
Dog_4_test_segment_0523.mat,8.56179656284e-05
Dog_1_test_segment_0133.mat,0.0613283808242
Dog_2_test_segment_0079.mat,0.016248847088
Dog_3_test_segment_0454.mat,0.841416177454
Dog_1_test_segment_0012.mat,0.00266307891376
Dog_3_test_segment_0239.mat,0.0166963816274
Patient_1_test_segment_0171.mat,0.740098895855
Dog_2_test_segment_0496.mat,0.00252490741793
Patient_2_test_segment_0067.mat,0.538444090957
Patient_1_test_segment_0170.mat,0.832261131156
Dog_2_test_segment_0795.mat,0.103146331959
Dog_2_test_segment_0099.mat,0.000745283400657
Dog_1_test_segment_0217.mat,0.0509553753877
Dog_3_test_segment_0361.mat,0.00208474387683
Dog_4_test_segment_0001.mat,0.000136455787872
Dog_3_test_segment_0270.mat,0.0118969054401
Dog_3_test_segment_0265.mat,0.00217730748399
Dog_1_test_segment_0443.mat,0.0493023330362
Dog_3_test_segment_0735.mat,0.167036464543
Dog_2_test_segment_0128.mat,0.00156976530099
Dog_2_test_segment_0564.mat,0.00951617424299
Dog_4_test_segment_0415.mat,0.000275780675619
Dog_3_test_segment_0704.mat,0.100034598806
Dog_4_test_segment_0537.mat,0.000135102016019
Dog_4_test_segment_0530.mat,0.00617682007005
Dog_4_test_segment_0494.mat,0.0337738660589
Dog_3_test_segment_0248.mat,0.340046102945
Dog_3_test_segment_0662.mat,0.00435507009802
Dog_1_test_segment_0098.mat,0.0055455525639
Dog_2_test_segment_0771.mat,0.220509645304
Dog_5_test_segment_0057.mat,0.00114397849168
Dog_1_test_segment_0008.mat,0.244034214202
Dog_2_test_segment_0608.mat,0.0175020903158
Dog_3_test_segment_0777.mat,0.00169813183755
Dog_5_test_segment_0107.mat,0.000939385413608
Dog_4_test_segment_0538.mat,0.773790189796
Patient_2_test_segment_0084.mat,0.509281682041
Dog_4_test_segment_0485.mat,0.0015130555894
Dog_4_test_segment_0240.mat,0.0026728984882
Patient_2_test_segment_0077.mat,0.688626451472
Dog_2_test_segment_0132.mat,0.00794376701355
Dog_4_test_segment_0311.mat,0.00203424210998
Dog_2_test_segment_0950.mat,0.0603599601295
Dog_4_test_segment_0388.mat,0.00832086822624
Dog_1_test_segment_0076.mat,0.0165695550803
Patient_2_test_segment_0044.mat,0.538441763687
Dog_1_test_segment_0325.mat,0.0489626895035
Dog_2_test_segment_0925.mat,0.200177095504
Dog_2_test_segment_0226.mat,0.0113255940643
Dog_1_test_segment_0129.mat,0.00964142846854
Dog_2_test_segment_0357.mat,0.108978175682
Dog_4_test_segment_0133.mat,6.72361405344e-05
Dog_3_test_segment_0518.mat,0.0037267694504
Dog_2_test_segment_0067.mat,0.0215887588431
Dog_1_test_segment_0069.mat,0.0281662535543
Dog_3_test_segment_0338.mat,0.00183494208437
Dog_2_test_segment_0689.mat,0.0480331124699
Dog_3_test_segment_0120.mat,0.00507388890943
Dog_2_test_segment_0228.mat,0.00596581415771
Dog_4_test_segment_0400.mat,8.68776183802e-06
Dog_1_test_segment_0084.mat,0.00365359605512
Dog_3_test_segment_0215.mat,0.00360256103181
Dog_3_test_segment_0304.mat,0.00574844095542
Dog_3_test_segment_0862.mat,0.0034871937484
Dog_3_test_segment_0186.mat,0.167853110853
Dog_5_test_segment_0153.mat,0.00114398145359
Dog_3_test_segment_0799.mat,0.0168417527603
Dog_4_test_segment_0330.mat,0.000396082619457
Dog_5_test_segment_0056.mat,0.00103199411645
Patient_1_test_segment_0153.mat,0.652453493342
Dog_4_test_segment_0292.mat,0.000105368783453
Dog_4_test_segment_0542.mat,0.00490243730932
Dog_4_test_segment_0754.mat,3.0535078864e-05
Dog_1_test_segment_0034.mat,0.042532094263
Dog_1_test_segment_0052.mat,0.00818400127497
Dog_4_test_segment_0712.mat,0.0537094189438
Dog_3_test_segment_0132.mat,0.00293905347372
Dog_4_test_segment_0275.mat,8.89661028926e-05
Dog_4_test_segment_0776.mat,0.00998924608633
Dog_3_test_segment_0577.mat,0.00192639972469
Dog_3_test_segment_0627.mat,0.249194681018
Dog_4_test_segment_0555.mat,0.000332152938264
Dog_3_test_segment_0759.mat,0.66218487244
Dog_2_test_segment_0966.mat,0.0559377907063
Dog_2_test_segment_0179.mat,0.00537482378292
Dog_4_test_segment_0916.mat,0.000101523882744
Dog_5_test_segment_0159.mat,0.000536185935795
Dog_4_test_segment_0627.mat,0.000690885177096
Dog_3_test_segment_0415.mat,0.00190655163626
Dog_1_test_segment_0197.mat,0.0692481833582
Dog_1_test_segment_0404.mat,0.000767631024451
Dog_3_test_segment_0365.mat,0.00606147782976
Patient_1_test_segment_0091.mat,0.0890978181316
Dog_2_test_segment_0329.mat,0.0277816291731
Dog_3_test_segment_0430.mat,0.00243294528974
Dog_3_test_segment_0380.mat,0.0417366951253
Dog_4_test_segment_0206.mat,0.000584428808163
Dog_4_test_segment_0616.mat,0.00014756746109
Dog_4_test_segment_0148.mat,0.000343516961419
Dog_1_test_segment_0077.mat,0.0763361363414
Dog_4_test_segment_0252.mat,0.218372023207
Dog_1_test_segment_0491.mat,0.946550278278
Dog_4_test_segment_0301.mat,0.00882124507249
Dog_1_test_segment_0015.mat,0.119450200099
Dog_2_test_segment_0780.mat,0.013314255962
Dog_4_test_segment_0057.mat,0.288364530066
Dog_4_test_segment_0143.mat,0.00107477160479
Dog_3_test_segment_0241.mat,0.00601387641192
Dog_2_test_segment_0828.mat,0.0206886303827
Patient_2_test_segment_0046.mat,0.268224829178
Dog_2_test_segment_0017.mat,0.0231538893244
Dog_3_test_segment_0622.mat,0.250350110824
Patient_1_test_segment_0038.mat,0.856520976679
Dog_2_test_segment_0279.mat,0.0386439747268
Dog_4_test_segment_0478.mat,0.274661057505
Patient_2_test_segment_0101.mat,0.538379158153
Dog_2_test_segment_0419.mat,0.40660720699
Dog_4_test_segment_0244.mat,0.000998243404474
Dog_1_test_segment_0301.mat,0.0084171497825
Dog_4_test_segment_0108.mat,0.000979695561247
Dog_5_test_segment_0178.mat,2.91631793264e-05
Dog_3_test_segment_0831.mat,0.870469014944
Dog_1_test_segment_0316.mat,0.010820333014
Dog_2_test_segment_0573.mat,0.00995152336329
Dog_4_test_segment_0170.mat,0.000224248105443
Dog_2_test_segment_0582.mat,0.00671060649836
Dog_2_test_segment_0362.mat,0.0151675496873
Dog_4_test_segment_0128.mat,0.000283578219894
Dog_3_test_segment_0702.mat,0.201313011817
Dog_4_test_segment_0821.mat,0.0570173398277
Dog_1_test_segment_0386.mat,0.0646063295665
Dog_4_test_segment_0517.mat,0.00132443092881
Patient_2_test_segment_0147.mat,0.538570939541
Dog_2_test_segment_0565.mat,0.000886171330633
Dog_4_test_segment_0054.mat,0.00759007830454
Dog_3_test_segment_0294.mat,0.0527085684661
Dog_3_test_segment_0024.mat,0.0334944625242
Dog_4_test_segment_0350.mat,0.000332136341299
Dog_2_test_segment_0847.mat,0.111182236395
Dog_3_test_segment_0652.mat,0.00181356048542
Dog_3_test_segment_0279.mat,0.0127977524025
Dog_1_test_segment_0176.mat,0.022894433898
Dog_3_test_segment_0720.mat,0.0136156752478
Dog_4_test_segment_0728.mat,0.00284638705802
Dog_1_test_segment_0272.mat,0.00340924739631
Dog_3_test_segment_0514.mat,0.301464269815
Dog_4_test_segment_0632.mat,0.013139940309
Dog_3_test_segment_0019.mat,0.0560493587128
Dog_5_test_segment_0124.mat,0.00114398145364
Dog_2_test_segment_0872.mat,0.60222052995
Dog_3_test_segment_0516.mat,0.00319044306359
Dog_3_test_segment_0034.mat,0.00916090055607
Dog_3_test_segment_0747.mat,0.132549746254
Dog_3_test_segment_0806.mat,0.13474032878
Patient_1_test_segment_0111.mat,0.690364631426
Dog_1_test_segment_0074.mat,0.00213315922049
Dog_4_test_segment_0649.mat,0.00054244896379
Dog_2_test_segment_0497.mat,0.0101782652324
Dog_3_test_segment_0857.mat,0.00267586392259
Dog_2_test_segment_0869.mat,0.0017231771802
Dog_2_test_segment_0787.mat,0.0952311090095
Dog_4_test_segment_0560.mat,0.000255661347055
Dog_2_test_segment_0163.mat,0.00849203017932
Dog_3_test_segment_0802.mat,0.00552603617573
Dog_4_test_segment_0245.mat,0.011635663152
Dog_2_test_segment_0996.mat,0.133557908598
Dog_5_test_segment_0080.mat,0.00112389619107
Dog_2_test_segment_0923.mat,0.119312763863
Dog_1_test_segment_0398.mat,0.000800790574838
Dog_3_test_segment_0883.mat,0.00315398071641
Dog_2_test_segment_0069.mat,0.0946902168546
Dog_1_test_segment_0494.mat,0.0601165309708
Dog_3_test_segment_0524.mat,0.00245795055456
Dog_4_test_segment_0295.mat,0.161365988579
Dog_2_test_segment_0342.mat,0.0228987617713
Dog_5_test_segment_0052.mat,1.22605275301e-05
Dog_4_test_segment_0217.mat,0.422258426991
Dog_5_test_segment_0158.mat,0.00114398146127
Dog_4_test_segment_0751.mat,0.894577191949
Dog_3_test_segment_0734.mat,0.0212075210207
Dog_2_test_segment_0985.mat,0.296831425922
Dog_4_test_segment_0473.mat,0.000757570989979
Dog_4_test_segment_0372.mat,8.30429604021e-06
Dog_3_test_segment_0072.mat,0.0479030253456
Dog_3_test_segment_0881.mat,0.0117153930873
Dog_3_test_segment_0617.mat,0.529478463766
Dog_3_test_segment_0732.mat,0.00642081722326
Dog_1_test_segment_0340.mat,0.310574587596
Dog_3_test_segment_0364.mat,0.678298664152
Dog_2_test_segment_0325.mat,0.000567655827884
Dog_5_test_segment_0060.mat,3.51805729196e-06
Dog_2_test_segment_0717.mat,0.0383185332148
Dog_2_test_segment_0969.mat,0.00443194980928
Patient_2_test_segment_0055.mat,0.551036780533
Dog_1_test_segment_0395.mat,0.00307008409896
Dog_1_test_segment_0086.mat,0.028031362331
Dog_1_test_segment_0106.mat,0.000506764468295
Dog_3_test_segment_0511.mat,0.0501520447053
Dog_5_test_segment_0112.mat,0.00114398145359
Dog_4_test_segment_0207.mat,0.000187301887289
Dog_3_test_segment_0727.mat,0.00216289710853
Dog_1_test_segment_0456.mat,0.00508487948728
Patient_1_test_segment_0138.mat,0.685105861734
Dog_2_test_segment_0024.mat,0.0519390169582
Dog_2_test_segment_0921.mat,0.302384759071
Dog_1_test_segment_0369.mat,0.0126898631557
Dog_3_test_segment_0266.mat,0.00498339751555
Patient_2_test_segment_0041.mat,0.54664486014
Dog_4_test_segment_0156.mat,1.8754966191e-05
Dog_2_test_segment_0289.mat,0.00326896486222
Dog_5_test_segment_0172.mat,9.31872042002e-05
Dog_4_test_segment_0021.mat,0.0406492574559
Dog_2_test_segment_0047.mat,0.00386702284554
Dog_1_test_segment_0418.mat,0.891055445085
Dog_4_test_segment_0430.mat,0.000115480304388
Dog_4_test_segment_0602.mat,0.000633523619761
Dog_3_test_segment_0673.mat,0.0389532516045
Dog_1_test_segment_0412.mat,0.0250258583535
Dog_3_test_segment_0135.mat,0.0252150835714
Patient_1_test_segment_0143.mat,0.18450281076
Dog_3_test_segment_0133.mat,0.317302399653
Dog_1_test_segment_0447.mat,0.0419807889009
Dog_1_test_segment_0053.mat,0.000663114345158
Dog_2_test_segment_0510.mat,0.00742072203669
Dog_3_test_segment_0469.mat,0.0698873455389
Dog_4_test_segment_0816.mat,0.22397401713
Patient_2_test_segment_0045.mat,0.204571762766
Patient_1_test_segment_0149.mat,0.674812573374
Dog_2_test_segment_0141.mat,0.00664988326573
Patient_1_test_segment_0156.mat,0.875659958112
Dog_2_test_segment_0724.mat,0.0200217545667
Dog_2_test_segment_0877.mat,0.0108547501826
Dog_4_test_segment_0443.mat,0.471650553444
Patient_2_test_segment_0134.mat,0.538444274599
Dog_3_test_segment_0721.mat,0.00250229736244
Dog_3_test_segment_0179.mat,0.00464183032387
Dog_1_test_segment_0044.mat,0.00316586297504
Patient_1_test_segment_0054.mat,0.0832076876369
Dog_3_test_segment_0217.mat,0.183471824513
Dog_1_test_segment_0105.mat,0.0050876528859
Patient_1_test_segment_0169.mat,0.598582026709
Dog_1_test_segment_0029.mat,0.0305586552216
Dog_3_test_segment_0887.mat,0.0302226853912
Dog_1_test_segment_0204.mat,0.0124540012084
Dog_2_test_segment_0813.mat,0.0245500186834
Dog_3_test_segment_0754.mat,0.011622778563
Dog_2_test_segment_0965.mat,0.025292317152
Dog_5_test_segment_0020.mat,0.00114398145365
Dog_4_test_segment_0445.mat,0.0289946833374
Dog_2_test_segment_0157.mat,0.0136729546225
Dog_3_test_segment_0785.mat,0.00175956005099
Dog_1_test_segment_0249.mat,0.00440723026192
Dog_2_test_segment_0148.mat,0.0190978479836
Dog_1_test_segment_0112.mat,0.000293633741093
Dog_5_test_segment_0183.mat,0.00114398145359
Dog_3_test_segment_0342.mat,0.00197672862359
Dog_4_test_segment_0638.mat,0.00320494346897
Dog_3_test_segment_0681.mat,0.00802775924356
Dog_3_test_segment_0352.mat,0.00267711633907
Dog_2_test_segment_0005.mat,0.213870065947
Dog_4_test_segment_0877.mat,0.00659088969762
Dog_3_test_segment_0612.mat,0.00276669970522
Patient_2_test_segment_0061.mat,0.593828883228
Dog_4_test_segment_0775.mat,5.32040102633e-05
Dog_3_test_segment_0554.mat,0.00336635801277
Dog_2_test_segment_0075.mat,0.104718510786
Dog_4_test_segment_0815.mat,0.255932544675
Dog_4_test_segment_0887.mat,1.39989569091e-05
Patient_1_test_segment_0161.mat,0.83838162546
Patient_1_test_segment_0017.mat,0.906197199201
Dog_1_test_segment_0028.mat,0.852887752148
Dog_4_test_segment_0915.mat,0.00234383772019
Dog_5_test_segment_0047.mat,3.46333365678e-06
Dog_3_test_segment_0136.mat,0.00159024827092
Dog_4_test_segment_0682.mat,0.0146375946811
Dog_4_test_segment_0469.mat,0.0343163928864
Dog_3_test_segment_0051.mat,0.0190266664633
Dog_3_test_segment_0502.mat,0.0754427472964
Dog_3_test_segment_0196.mat,0.0172465725602
Dog_2_test_segment_0742.mat,0.000641861290555
Patient_1_test_segment_0044.mat,0.704723998756
Dog_3_test_segment_0310.mat,0.00905883143524
Dog_3_test_segment_0816.mat,0.00598141615789
Dog_2_test_segment_0541.mat,0.00262425001021
Dog_4_test_segment_0168.mat,0.000465285172664
Dog_3_test_segment_0687.mat,0.00183218624558
Dog_4_test_segment_0881.mat,0.00643531307039
Dog_4_test_segment_0822.mat,3.93281118403e-05
Dog_4_test_segment_0688.mat,0.00059950796891
Dog_1_test_segment_0032.mat,0.00627483305358
Dog_2_test_segment_0384.mat,0.649249346863
Dog_3_test_segment_0206.mat,0.0150336184079
Dog_1_test_segment_0485.mat,0.0158466679494
Dog_4_test_segment_0813.mat,0.22470181097
Dog_2_test_segment_0233.mat,0.00830650843538
Dog_3_test_segment_0331.mat,0.117480176778
Dog_2_test_segment_0807.mat,0.0826741133439
Dog_3_test_segment_0729.mat,0.0574051110217
Dog_1_test_segment_0103.mat,0.509343357561
Dog_2_test_segment_0370.mat,0.0180194866476
Dog_4_test_segment_0003.mat,0.000112775711911
Dog_3_test_segment_0616.mat,0.36454283553
Dog_2_test_segment_0893.mat,0.0797518839431
Dog_4_test_segment_0267.mat,0.909166366815
Dog_4_test_segment_0369.mat,0.00226346315177
Dog_4_test_segment_0146.mat,0.0033781532681
Dog_5_test_segment_0145.mat,9.50712114579e-05
Dog_4_test_segment_0631.mat,0.000160949580114
Dog_2_test_segment_0130.mat,0.184811740217
Dog_2_test_segment_0351.mat,0.00988859264991
Dog_1_test_segment_0228.mat,0.0313234761424
Patient_1_test_segment_0092.mat,0.932682820011
Dog_3_test_segment_0053.mat,0.00717386935565
Dog_2_test_segment_0856.mat,0.00712283456914
Patient_1_test_segment_0074.mat,0.73429265091
Dog_1_test_segment_0361.mat,0.717374973287
Patient_2_test_segment_0079.mat,0.538444101947
Dog_2_test_segment_0760.mat,0.173327938045
Dog_3_test_segment_0047.mat,0.0459535207288
Dog_4_test_segment_0683.mat,0.00317332716686
Dog_2_test_segment_0792.mat,0.293943832475
Dog_1_test_segment_0342.mat,0.0911806356905
Dog_1_test_segment_0137.mat,0.00387694663985
Dog_3_test_segment_0403.mat,0.228965423741
Dog_1_test_segment_0244.mat,0.000975195039506
Dog_4_test_segment_0619.mat,0.0434053482707
Dog_2_test_segment_0933.mat,0.00221153755313
Dog_1_test_segment_0223.mat,0.0141407845607
Dog_2_test_segment_0266.mat,0.00225755355062
Dog_2_test_segment_0609.mat,0.0167762544886
Patient_1_test_segment_0057.mat,0.805731559272
Dog_1_test_segment_0036.mat,0.0134927951228
Dog_2_test_segment_0478.mat,0.0659261330293
Dog_2_test_segment_0737.mat,0.0299415781706
Dog_2_test_segment_0493.mat,0.054996959058
Dog_4_test_segment_0204.mat,0.00118394280416
Dog_2_test_segment_0637.mat,0.00209041654491
Dog_4_test_segment_0617.mat,0.000302902469491
Dog_3_test_segment_0691.mat,0.896410395442
Dog_3_test_segment_0334.mat,0.0102913605155
Dog_3_test_segment_0605.mat,0.00191113386659
Dog_2_test_segment_0653.mat,0.049307827093
Dog_4_test_segment_0874.mat,0.120346350098
Dog_1_test_segment_0420.mat,0.00316467983865
Dog_1_test_segment_0040.mat,0.00128704001342
Patient_2_test_segment_0097.mat,0.538444154301
Dog_4_test_segment_0401.mat,0.00296587101218
Dog_2_test_segment_0806.mat,0.0716211341554
Dog_3_test_segment_0249.mat,0.00228950522673
Dog_3_test_segment_0213.mat,0.0923616880032
Dog_4_test_segment_0136.mat,0.000192554356339
Dog_4_test_segment_0255.mat,0.00761970662824
Dog_2_test_segment_0769.mat,0.0324981633201
Dog_2_test_segment_0428.mat,0.00221424176433
Dog_4_test_segment_0151.mat,0.00556552414149
Dog_4_test_segment_0715.mat,0.000508488134985
Dog_2_test_segment_0335.mat,0.000905069163537
Dog_2_test_segment_0392.mat,0.548109672238
Dog_3_test_segment_0487.mat,0.217838034954
Dog_4_test_segment_0698.mat,0.000229992328374
Dog_3_test_segment_0169.mat,0.00553535403824
Patient_1_test_segment_0166.mat,0.223328747206
Dog_1_test_segment_0171.mat,0.00190432197819
Dog_3_test_segment_0609.mat,0.0114062714128
Dog_4_test_segment_0006.mat,7.84592292551e-05
Patient_2_test_segment_0069.mat,0.538444099931
Dog_4_test_segment_0503.mat,0.00166951291174
Dog_2_test_segment_0903.mat,0.0816737823191
Dog_2_test_segment_0304.mat,0.114818786394
Dog_2_test_segment_0368.mat,0.00792032106786
Dog_4_test_segment_0411.mat,0.00807981002859
Dog_3_test_segment_0262.mat,0.00708967876616
Dog_4_test_segment_0526.mat,4.95765420309e-05
Dog_2_test_segment_0044.mat,0.0603895448485
Patient_1_test_segment_0055.mat,0.905429525376
Dog_2_test_segment_0957.mat,0.0134580036563
Patient_2_test_segment_0048.mat,0.518511449538
Dog_5_test_segment_0037.mat,0.00114398145359
Dog_2_test_segment_0585.mat,0.0111102495182
Dog_1_test_segment_0479.mat,0.00944008064572
Dog_2_test_segment_0523.mat,0.317285955685
Dog_3_test_segment_0297.mat,0.0298194702826
Dog_4_test_segment_0527.mat,0.0622618230184
Dog_5_test_segment_0184.mat,0.00114602145261
Dog_3_test_segment_0335.mat,0.00183788987577
Dog_2_test_segment_0058.mat,0.294639104014
Dog_3_test_segment_0760.mat,0.600251073208
Dog_4_test_segment_0004.mat,2.20897585559e-05
Dog_2_test_segment_0675.mat,0.191230211162
Dog_1_test_segment_0331.mat,0.0687355013887
Dog_4_test_segment_0846.mat,0.00422276489212
Dog_1_test_segment_0312.mat,0.0205708702365
Dog_3_test_segment_0765.mat,0.80653203651
Dog_3_test_segment_0690.mat,0.00202666257561
Dog_4_test_segment_0982.mat,0.0207752805706
Dog_3_test_segment_0441.mat,0.02103770099
Dog_2_test_segment_0389.mat,0.000722828702466
Dog_4_test_segment_0360.mat,0.00197166659732
Patient_1_test_segment_0119.mat,0.789346565501
Dog_4_test_segment_0427.mat,0.000550058614262
Dog_3_test_segment_0787.mat,0.0179078203457
Patient_1_test_segment_0182.mat,0.82071783119
Dog_2_test_segment_0133.mat,0.00163442847527
Dog_3_test_segment_0629.mat,0.00277566018625
Dog_4_test_segment_0272.mat,0.392899708938
Dog_4_test_segment_0220.mat,0.000752836194249
Dog_2_test_segment_0208.mat,0.000260711085369
Dog_5_test_segment_0142.mat,4.90852270536e-05
Dog_5_test_segment_0015.mat,0.000240519214972
Dog_3_test_segment_0856.mat,0.834043326417
Dog_3_test_segment_0336.mat,0.00229490179768
Dog_2_test_segment_0730.mat,0.0416776409308
Dog_1_test_segment_0483.mat,0.165813754462
Dog_1_test_segment_0117.mat,0.00187463611833
Dog_3_test_segment_0610.mat,0.00870084326561
Patient_1_test_segment_0026.mat,0.0765049000589
Dog_4_test_segment_0124.mat,8.36633892297e-06
Patient_1_test_segment_0181.mat,0.746512328446
Dog_4_test_segment_0970.mat,2.39638212389e-05
Dog_3_test_segment_0381.mat,0.00182502781211
Dog_3_test_segment_0233.mat,0.0018473117629
Patient_2_test_segment_0090.mat,0.538444101947
Dog_4_test_segment_0564.mat,0.000252520404828
Dog_2_test_segment_0012.mat,0.264625593643
Dog_1_test_segment_0215.mat,0.00878257911605
Dog_3_test_segment_0439.mat,0.00227785750968
Dog_5_test_segment_0083.mat,0.000529211461057
Dog_3_test_segment_0285.mat,0.417453751616
Dog_3_test_segment_0096.mat,0.00275412797516
Dog_2_test_segment_0800.mat,0.478655970927
Dog_2_test_segment_0906.mat,0.0170761908119
Dog_3_test_segment_0540.mat,0.00725571481408
Dog_2_test_segment_0535.mat,0.0230918915894
Dog_3_test_segment_0103.mat,0.715227468078
Dog_2_test_segment_0591.mat,0.0187719653445
Dog_2_test_segment_0556.mat,0.0364928112563
Dog_4_test_segment_0037.mat,6.04370145249e-05
Dog_3_test_segment_0700.mat,0.00192475180344
Dog_5_test_segment_0039.mat,0.00114398145125
Dog_3_test_segment_0611.mat,0.652067278319
Dog_2_test_segment_0332.mat,0.00249815636048
Patient_2_test_segment_0063.mat,0.517642882853
Dog_3_test_segment_0039.mat,0.0207376532372
Dog_1_test_segment_0407.mat,0.0055578836389
Dog_3_test_segment_0218.mat,0.352115125588
Dog_1_test_segment_0209.mat,0.0617604963252
Dog_2_test_segment_0126.mat,0.0030986715572
Dog_2_test_segment_0595.mat,0.0910542197866
Dog_4_test_segment_0514.mat,0.00022561838006
Dog_4_test_segment_0742.mat,0.00113982681787
Dog_4_test_segment_0249.mat,0.00601894098995
Dog_3_test_segment_0869.mat,0.00310678930932
Patient_1_test_segment_0154.mat,0.660269215317
Dog_1_test_segment_0094.mat,0.0739760445872
Patient_1_test_segment_0029.mat,0.854366585971
Dog_3_test_segment_0499.mat,0.00283437581982
Dog_5_test_segment_0061.mat,0.00114398145359
Dog_3_test_segment_0649.mat,0.00172621691526
Dog_1_test_segment_0393.mat,0.0122449018356
Dog_3_test_segment_0456.mat,0.005119646705
Dog_2_test_segment_0999.mat,0.00184300149343
Dog_4_test_segment_0140.mat,0.131452143254
Dog_3_test_segment_0462.mat,0.0809408832912
Dog_2_test_segment_0292.mat,0.0195925830635
Dog_4_test_segment_0209.mat,0.000137225639827
Dog_4_test_segment_0551.mat,0.00678450420661
Dog_1_test_segment_0056.mat,0.00101458991547
Dog_1_test_segment_0367.mat,0.430478501201
Dog_3_test_segment_0698.mat,0.00393887230425
Dog_4_test_segment_0567.mat,0.473162217587
Dog_3_test_segment_0683.mat,0.00510560697393
Dog_4_test_segment_0040.mat,0.00361798302759
Dog_2_test_segment_0284.mat,0.688115135926
Dog_4_test_segment_0374.mat,0.00383254960616
Dog_3_test_segment_0529.mat,0.0282760315616
Dog_2_test_segment_0372.mat,0.010830733554
Patient_1_test_segment_0191.mat,0.0299783140514
Dog_3_test_segment_0207.mat,0.0142162032111
Dog_2_test_segment_0655.mat,0.00863076655289
Dog_2_test_segment_0316.mat,0.0029611838691
Dog_2_test_segment_0191.mat,0.00151696950618
Dog_2_test_segment_0258.mat,0.822989084004
Dog_3_test_segment_0329.mat,0.00547401732125
Dog_4_test_segment_0371.mat,0.00021310889377
Dog_2_test_segment_0765.mat,0.0116753427014
Dog_3_test_segment_0890.mat,0.449060801613
Dog_4_test_segment_0512.mat,0.000972765070184
Dog_4_test_segment_0774.mat,0.00670830823189
Dog_5_test_segment_0151.mat,0.000138972871789
Dog_4_test_segment_0079.mat,0.00399757118624
Dog_4_test_segment_0838.mat,0.000141152972184
Dog_2_test_segment_0313.mat,0.00929580146648
Dog_3_test_segment_0354.mat,0.00197380454648
Dog_3_test_segment_0830.mat,0.929881492438
Dog_3_test_segment_0312.mat,0.290744363035
Dog_1_test_segment_0302.mat,0.5
Dog_2_test_segment_0336.mat,0.00386985791246
Dog_3_test_segment_0879.mat,0.802097942353
Patient_1_test_segment_0063.mat,0.576288052116
Dog_4_test_segment_0090.mat,0.000315358027627
Dog_3_test_segment_0468.mat,0.00239706031604
Dog_4_test_segment_0183.mat,4.82723028389e-05
Dog_2_test_segment_0607.mat,0.000711809668001
Dog_4_test_segment_0986.mat,0.0247639763058
Dog_4_test_segment_0699.mat,0.00205666709255
Dog_3_test_segment_0863.mat,0.0080367025861
Dog_3_test_segment_0632.mat,0.277107843246
Dog_4_test_segment_0431.mat,0.0374540339171
Dog_2_test_segment_0060.mat,0.205803090535
Dog_2_test_segment_0064.mat,0.0229941421795
Dog_3_test_segment_0711.mat,0.116848335993
Dog_4_test_segment_0260.mat,3.52643448451e-05
Dog_4_test_segment_0575.mat,0.618561734956
Dog_2_test_segment_0824.mat,0.0176438299097
Dog_3_test_segment_0767.mat,0.400769141596
Dog_3_test_segment_0438.mat,0.00990729447825
Dog_5_test_segment_0157.mat,0.00114201883335
Dog_2_test_segment_0678.mat,0.00882656116483
Dog_2_test_segment_0026.mat,0.643036366421
Dog_3_test_segment_0106.mat,0.00781537810133
Patient_1_test_segment_0106.mat,0.959331498347
Dog_4_test_segment_0335.mat,0.00341152330581
Dog_1_test_segment_0159.mat,0.00693417131922
Dog_1_test_segment_0473.mat,0.831378200502
Dog_4_test_segment_0829.mat,0.00322830013338
Dog_3_test_segment_0431.mat,0.736575838063
Patient_1_test_segment_0053.mat,0.926761883209
Dog_2_test_segment_0045.mat,0.30096400677
Dog_2_test_segment_0890.mat,0.00414970682589
Patient_2_test_segment_0027.mat,0.523324136844
Dog_4_test_segment_0971.mat,0.000254852846977
Dog_2_test_segment_0492.mat,0.0429244295708
Dog_4_test_segment_0476.mat,7.81004611129e-05
Dog_4_test_segment_0556.mat,0.103158107213
Dog_3_test_segment_0067.mat,0.0025154604465
Dog_4_test_segment_0843.mat,0.000123248633439
Dog_2_test_segment_0097.mat,0.000627774301244
Dog_4_test_segment_0341.mat,0.000205185017327
Patient_1_test_segment_0076.mat,0.90905347324
Dog_5_test_segment_0129.mat,0.00114398145359
Dog_3_test_segment_0261.mat,0.0146363070013
Dog_4_test_segment_0230.mat,0.00280267208256
Dog_2_test_segment_0781.mat,0.00068575297998
Dog_1_test_segment_0057.mat,0.00444773517925
Dog_3_test_segment_0654.mat,0.76687492273
Dog_1_test_segment_0371.mat,0.0774747072268
Patient_2_test_segment_0059.mat,0.538444101947
Dog_1_test_segment_0224.mat,0.00509436523512
Dog_2_test_segment_0848.mat,0.0328725515851
Dog_2_test_segment_0912.mat,0.00479550671041
Dog_5_test_segment_0079.mat,0.000482526571373
Dog_1_test_segment_0282.mat,0.00499466769075
Dog_4_test_segment_0462.mat,8.92935221693e-05
Dog_5_test_segment_0110.mat,0.00114490970243
Patient_1_test_segment_0062.mat,0.36206376883
Dog_4_test_segment_0013.mat,0.00523687354445
Dog_4_test_segment_0820.mat,0.00033292989152
Dog_2_test_segment_0495.mat,0.0117818669299
Dog_1_test_segment_0269.mat,0.21601647585
Dog_4_test_segment_0969.mat,0.00106463064576
Dog_4_test_segment_0481.mat,0.00607713226569
Dog_3_test_segment_0156.mat,0.0104845510232
Dog_3_test_segment_0002.mat,0.566395783044
Patient_2_test_segment_0143.mat,0.518497789343
Dog_4_test_segment_0681.mat,1.48994113137e-06
Dog_2_test_segment_0393.mat,0.0038752406294
Dog_4_test_segment_0945.mat,0.000125643219389
Dog_4_test_segment_0745.mat,0.98876538472
Patient_1_test_segment_0037.mat,0.838064185743
Dog_4_test_segment_0730.mat,0.0103986099813
Dog_4_test_segment_0792.mat,1.24044992096e-05
Dog_5_test_segment_0188.mat,0.00114715213879
Dog_4_test_segment_0869.mat,0.11821554267
Dog_3_test_segment_0058.mat,0.44439890347
Dog_2_test_segment_0686.mat,0.000494871240814
Dog_3_test_segment_0099.mat,0.00725684497166
Patient_1_test_segment_0113.mat,0.868872677418
Dog_2_test_segment_0078.mat,0.00205127730305
Dog_2_test_segment_0712.mat,0.118405403622
Dog_2_test_segment_0898.mat,0.0463246140583
Dog_3_test_segment_0457.mat,0.0038995235547
Dog_2_test_segment_0080.mat,0.00250638181746
Dog_5_test_segment_0174.mat,0.000181469588457
Dog_3_test_segment_0113.mat,0.613905168824
Patient_2_test_segment_0139.mat,0.542849841441
Dog_3_test_segment_0300.mat,0.726883308637
Dog_4_test_segment_0426.mat,0.565566226432
Dog_2_test_segment_0464.mat,0.00163173754354
Patient_2_test_segment_0122.mat,0.538444101709
Dog_1_test_segment_0433.mat,0.00296141001836
Dog_1_test_segment_0467.mat,0.0251008982829
Dog_4_test_segment_0655.mat,0.315352945065
Dog_4_test_segment_0014.mat,0.000945835029295
Dog_4_test_segment_0979.mat,4.14960704165e-05
Dog_1_test_segment_0055.mat,0.000744300380899
Patient_2_test_segment_0082.mat,0.538444101947
Patient_2_test_segment_0088.mat,0.538444101947
Dog_3_test_segment_0026.mat,0.0645503264443
Dog_2_test_segment_0344.mat,0.334606708882
Dog_3_test_segment_0118.mat,0.00497561480078
Dog_3_test_segment_0105.mat,0.527314478503
Dog_4_test_segment_0065.mat,0.00806042229695
Dog_4_test_segment_0711.mat,0.00439131444736
Dog_3_test_segment_0346.mat,0.084591212057
Dog_2_test_segment_0219.mat,0.00493047594597
Dog_2_test_segment_0340.mat,0.109883314003
Dog_3_test_segment_0271.mat,0.00798739703228
Dog_1_test_segment_0203.mat,0.0137059837233
Dog_3_test_segment_0298.mat,0.0302487886527
Dog_2_test_segment_0887.mat,0.0337155456868
Dog_4_test_segment_0226.mat,0.00173910693251
Dog_3_test_segment_0185.mat,0.0114074555551
Dog_3_test_segment_0534.mat,0.0961139658821
Patient_2_test_segment_0105.mat,0.538444101947
Dog_2_test_segment_0766.mat,0.0309681397199
Dog_3_test_segment_0840.mat,0.0112986912708
Dog_3_test_segment_0048.mat,0.00745398109638
Dog_4_test_segment_0088.mat,0.13598523305
Dog_4_test_segment_0596.mat,0.0233551109352
Patient_1_test_segment_0194.mat,0.31489685717
Dog_4_test_segment_0664.mat,0.00507248685749
Dog_3_test_segment_0882.mat,0.00218272936915
Dog_2_test_segment_0139.mat,0.0085739765217
Dog_3_test_segment_0444.mat,0.258249667425
Dog_1_test_segment_0439.mat,0.00148498643341
Dog_1_test_segment_0364.mat,0.000782656146967
Dog_3_test_segment_0743.mat,0.0280905405766
Dog_3_test_segment_0648.mat,0.00476701189308
Dog_2_test_segment_0234.mat,0.381892293738
Dog_4_test_segment_0383.mat,3.03360475391e-06
Dog_3_test_segment_0651.mat,0.113475465794
Dog_2_test_segment_0490.mat,0.0158077248209
Dog_2_test_segment_0257.mat,0.0128150026034
Dog_1_test_segment_0198.mat,0.0596058254608
Dog_3_test_segment_0532.mat,0.0064458041468
Dog_3_test_segment_0283.mat,0.0154008579352
Dog_3_test_segment_0402.mat,0.0108510139455
Dog_1_test_segment_0162.mat,0.0532419381042
Dog_2_test_segment_0135.mat,0.00837972319036
Dog_4_test_segment_0390.mat,0.234605338471
Dog_3_test_segment_0003.mat,0.00302832371336
Dog_4_test_segment_0947.mat,0.0100725920289
Dog_3_test_segment_0417.mat,0.106795923925
Dog_4_test_segment_0585.mat,0.0080898693608
Dog_4_test_segment_0067.mat,0.0359746479672
Dog_3_test_segment_0756.mat,0.30634092259
Dog_2_test_segment_0521.mat,0.0623203314688
Dog_3_test_segment_0740.mat,0.345720454749
Dog_2_test_segment_0295.mat,0.161712467925
Dog_3_test_segment_0533.mat,0.00259290416688
Dog_2_test_segment_0367.mat,0.0115259851778
Dog_4_test_segment_0269.mat,0.2735850223
Dog_2_test_segment_0171.mat,0.00719770559077
Dog_2_test_segment_0382.mat,0.177060944433
Dog_4_test_segment_0345.mat,8.80175964824e-05
Dog_2_test_segment_0626.mat,0.00192983649393
Dog_3_test_segment_0655.mat,0.00185493582586
Dog_3_test_segment_0375.mat,0.00214216172255
Dog_1_test_segment_0493.mat,0.012898325192
Dog_4_test_segment_0194.mat,0.0059778504805
Dog_4_test_segment_0442.mat,2.84974830333e-05
Dog_2_test_segment_0953.mat,0.00327305164311
Dog_4_test_segment_0468.mat,0.0023949044078
Dog_2_test_segment_0189.mat,0.021929614215
Dog_4_test_segment_0215.mat,3.29416225693e-05
Dog_2_test_segment_0145.mat,0.832670303973
Dog_2_test_segment_0443.mat,0.00414531810945
Dog_4_test_segment_0974.mat,0.000496110259617
Dog_4_test_segment_0911.mat,0.011769852741
Patient_1_test_segment_0192.mat,0.755588155074
Dog_4_test_segment_0237.mat,0.000138316173424
Dog_2_test_segment_0473.mat,0.00127201465466
Dog_4_test_segment_0908.mat,0.0061168851239
Patient_1_test_segment_0115.mat,0.32329269679
Dog_2_test_segment_0104.mat,0.0615524918634
Dog_4_test_segment_0027.mat,6.51093299445e-05
Dog_2_test_segment_0786.mat,0.00431896289434
Dog_2_test_segment_0753.mat,0.0140458020426
Patient_1_test_segment_0039.mat,0.555033700355
Dog_2_test_segment_0423.mat,0.118529578268
Dog_2_test_segment_0327.mat,0.187110976313
Dog_4_test_segment_0648.mat,0.308240866849
Dog_4_test_segment_0898.mat,0.00019704372255
Dog_2_test_segment_0111.mat,0.0889620060414
Dog_2_test_segment_0256.mat,0.0271708398453
Dog_3_test_segment_0357.mat,0.0018251481222
Dog_2_test_segment_0085.mat,0.0133657988888
Dog_2_test_segment_0004.mat,0.00527446569767
Dog_4_test_segment_0857.mat,0.000165661848707
Patient_2_test_segment_0068.mat,0.538444100995
Dog_1_test_segment_0339.mat,0.191854127055
Dog_4_test_segment_0044.mat,9.22077563883e-05
Dog_3_test_segment_0686.mat,0.00179781171275
Dog_1_test_segment_0046.mat,0.00792601248202
Dog_2_test_segment_0832.mat,0.0047330818491
Dog_2_test_segment_0557.mat,0.0446275235322
Dog_3_test_segment_0647.mat,0.00304182719759
Dog_2_test_segment_0690.mat,0.025322204951
Dog_2_test_segment_0293.mat,0.175267119681
Dog_1_test_segment_0260.mat,0.305717359257
Dog_3_test_segment_0755.mat,0.0140483589718
Dog_4_test_segment_0297.mat,0.00210953286211
Patient_1_test_segment_0072.mat,0.837597227212
Dog_4_test_segment_0873.mat,0.00192978602165
Dog_4_test_segment_0949.mat,1.80279505453e-05
Dog_5_test_segment_0102.mat,0.000372272542982
Dog_3_test_segment_0563.mat,0.113156208881
Dog_1_test_segment_0172.mat,0.00345624448014
Dog_2_test_segment_0705.mat,0.0146774646447
Dog_3_test_segment_0095.mat,0.5436919808
Dog_3_test_segment_0546.mat,0.00491394761575
Dog_4_test_segment_0580.mat,2.0286881625e-05
Dog_2_test_segment_0884.mat,0.0660379802816
Dog_3_test_segment_0025.mat,0.00272458383808
Patient_1_test_segment_0109.mat,0.0261901096528
Dog_3_test_segment_0197.mat,0.00369270666113
Dog_2_test_segment_0455.mat,0.615616864243
Dog_2_test_segment_0545.mat,0.00773624758395
Patient_1_test_segment_0173.mat,0.789904385288
Dog_5_test_segment_0016.mat,0.00114398145359
Dog_4_test_segment_0005.mat,3.01234241177e-05
Patient_1_test_segment_0141.mat,0.522247660267
Dog_2_test_segment_0049.mat,0.137762491274
Patient_2_test_segment_0031.mat,0.538444081749
Dog_4_test_segment_0736.mat,0.163916830278
Dog_2_test_segment_0341.mat,0.00366480625446
Dog_4_test_segment_0239.mat,0.567319515169
Dog_2_test_segment_0046.mat,0.0184623196919
Dog_2_test_segment_0927.mat,0.0868306960784
Dog_2_test_segment_0491.mat,0.0167900937588
Dog_1_test_segment_0002.mat,0.000929602048213
Patient_1_test_segment_0069.mat,0.776664911159
Dog_2_test_segment_0369.mat,0.00317981381792
Dog_2_test_segment_0937.mat,0.11668704701
Dog_4_test_segment_0074.mat,9.29467995261e-06
Dog_2_test_segment_0951.mat,0.00175732803661
Dog_4_test_segment_0320.mat,0.00381195524058
Dog_4_test_segment_0046.mat,0.0359183222133
Dog_3_test_segment_0675.mat,0.155391877868
Patient_1_test_segment_0178.mat,0.803824679335
Dog_1_test_segment_0128.mat,0.0532477142733
Dog_3_test_segment_0424.mat,0.0176332611233
Dog_4_test_segment_0662.mat,0.436338036366
Patient_2_test_segment_0130.mat,0.538446591897
Dog_3_test_segment_0829.mat,0.0431101468718
Patient_1_test_segment_0095.mat,0.166221018024
Dog_1_test_segment_0357.mat,0.0884977471789
Patient_1_test_segment_0133.mat,0.947633966586
Dog_5_test_segment_0008.mat,0.00114413481665
Dog_3_test_segment_0126.mat,0.0295894771358
Dog_4_test_segment_0810.mat,0.00214556718814
Dog_2_test_segment_0408.mat,0.0580540684814
Dog_3_test_segment_0182.mat,0.00155017276632
Dog_4_test_segment_0337.mat,3.55085459593e-05
Dog_2_test_segment_0260.mat,0.0016734617601
Dog_2_test_segment_0245.mat,0.00163338668243
Dog_3_test_segment_0442.mat,0.00271814044679
Dog_2_test_segment_0114.mat,0.0148938655544
Dog_4_test_segment_0673.mat,0.08862196722
Dog_3_test_segment_0110.mat,0.00838494556375
Dog_2_test_segment_0993.mat,0.00816536765343
Dog_4_test_segment_0519.mat,0.0293471409043
Dog_4_test_segment_0840.mat,0.000781237576585
Dog_4_test_segment_0800.mat,0.000284143586818
Dog_2_test_segment_0038.mat,0.00299698938203
Dog_2_test_segment_0216.mat,0.141231952878
Dog_1_test_segment_0451.mat,0.5
Dog_2_test_segment_0502.mat,0.189408279095
Dog_2_test_segment_0471.mat,0.000932478920964
Dog_1_test_segment_0307.mat,0.0791139002624
Dog_2_test_segment_0516.mat,0.115039872099
Dog_2_test_segment_0508.mat,0.0170662397208
Dog_2_test_segment_0761.mat,0.00158972373086
Patient_1_test_segment_0086.mat,0.876948569487
Dog_3_test_segment_0443.mat,0.125182335468
Dog_1_test_segment_0009.mat,0.00939708827569
Patient_2_test_segment_0141.mat,0.691483041043
Patient_2_test_segment_0064.mat,0.538444101947
Dog_4_test_segment_0511.mat,4.44443955614e-06
Dog_4_test_segment_0323.mat,0.000402968284373
Patient_2_test_segment_0107.mat,0.538444101947
Dog_2_test_segment_0995.mat,0.000534373023814
Patient_1_test_segment_0188.mat,0.418468611817
Dog_2_test_segment_0470.mat,0.00382945715443
Dog_3_test_segment_0762.mat,0.00233938055362
Dog_2_test_segment_0165.mat,0.141809580284
Dog_4_test_segment_0755.mat,9.32547904778e-06
Dog_4_test_segment_0738.mat,0.000266186295864
Dog_2_test_segment_0426.mat,0.0225177182705
Dog_2_test_segment_0269.mat,0.00702189050297
Dog_2_test_segment_0195.mat,0.0498873371466
Patient_1_test_segment_0007.mat,0.653140695629
Dog_2_test_segment_0656.mat,0.680195908924
Dog_1_test_segment_0324.mat,0.00260933019162
Dog_3_test_segment_0607.mat,0.604609195851
Dog_4_test_segment_0731.mat,0.00187651259839
Dog_4_test_segment_0697.mat,0.000305223641211
Dog_4_test_segment_0721.mat,0.000224247296736
Dog_4_test_segment_0918.mat,0.000314768477804
Dog_3_test_segment_0384.mat,0.0026759773588
Dog_3_test_segment_0166.mat,0.239603911994
Dog_1_test_segment_0119.mat,0.00253852906799
Dog_1_test_segment_0332.mat,0.91790867802
Patient_2_test_segment_0035.mat,0.538472992296
Dog_3_test_segment_0043.mat,0.421611148233
Dog_3_test_segment_0391.mat,0.00211747886105
Patient_1_test_segment_0077.mat,0.884082715369
Dog_1_test_segment_0067.mat,0.120032634427
Patient_2_test_segment_0135.mat,0.538444101947
Dog_3_test_segment_0725.mat,0.00670988526049
Dog_3_test_segment_0232.mat,0.0220248745199
Dog_1_test_segment_0290.mat,0.00416790917432
Dog_4_test_segment_0770.mat,0.000517736512407
Dog_2_test_segment_0506.mat,0.00672297594451
Dog_1_test_segment_0278.mat,0.135032596277
Dog_3_test_segment_0131.mat,0.00387170024322
Dog_4_test_segment_0932.mat,0.0374622618013
Patient_2_test_segment_0062.mat,0.602922117874
Dog_1_test_segment_0136.mat,0.0118270736921
Dog_2_test_segment_0955.mat,0.0107680204377
Dog_4_test_segment_0824.mat,0.00178559115162
Dog_2_test_segment_0385.mat,0.0178922840383
Dog_1_test_segment_0262.mat,0.0375921626257
Dog_2_test_segment_0725.mat,0.0043767268663
Dog_5_test_segment_0119.mat,0.000377342906715
Dog_5_test_segment_0185.mat,1.48760881646e-05
Dog_4_test_segment_0827.mat,0.000475304639574
Dog_4_test_segment_0515.mat,8.31015828592e-06
Dog_4_test_segment_0221.mat,0.00462701241513
Dog_4_test_segment_0883.mat,9.46706527937e-05
Dog_4_test_segment_0943.mat,0.591448772162
Dog_4_test_segment_0642.mat,1.51523404308e-05
Dog_2_test_segment_0507.mat,0.000798700329009
Dog_3_test_segment_0876.mat,0.0109825217767
Dog_2_test_segment_0932.mat,0.00234838378328
Dog_3_test_segment_0448.mat,0.0116417574457
Dog_4_test_segment_0440.mat,0.00350071375882
Dog_2_test_segment_0718.mat,0.0172164014465
Dog_4_test_segment_0307.mat,7.403246144e-05
Dog_3_test_segment_0812.mat,0.00716187051403
Dog_4_test_segment_0607.mat,3.78930723237e-05
Dog_3_test_segment_0639.mat,0.0698492652758
Dog_4_test_segment_0862.mat,0.00142224994192
Dog_5_test_segment_0147.mat,0.00114398145359
Patient_1_test_segment_0147.mat,0.852330348919
Dog_3_test_segment_0541.mat,0.87032206759
Dog_4_test_segment_0278.mat,0.000789206887639
Dog_4_test_segment_0284.mat,0.0317976111414
Dog_1_test_segment_0286.mat,0.0021660220763
Dog_4_test_segment_0201.mat,9.18778607059e-05
Dog_4_test_segment_0149.mat,0.000229325030627
Patient_2_test_segment_0094.mat,0.183341520448
Dog_4_test_segment_0668.mat,0.000521511539839
Dog_3_test_segment_0030.mat,0.00749164070265
Dog_4_test_segment_0854.mat,0.00062814685314
Dog_5_test_segment_0106.mat,0.00114398113829
Dog_5_test_segment_0115.mat,0.00114398145359
Dog_1_test_segment_0090.mat,0.469668723195
Dog_3_test_segment_0844.mat,0.00365456120906
Patient_1_test_segment_0073.mat,0.236173857808
Dog_4_test_segment_0804.mat,0.00609499874715
Dog_3_test_segment_0618.mat,0.00796845153756
Dog_4_test_segment_0228.mat,0.000507708281187
Dog_1_test_segment_0138.mat,0.00224679445602
Dog_2_test_segment_0106.mat,0.00827531230799
Dog_3_test_segment_0545.mat,0.00308614685455
Dog_2_test_segment_0207.mat,0.00388633503161
Dog_4_test_segment_0889.mat,6.1016243529e-06
Dog_4_test_segment_0242.mat,0.00539671532916
Dog_4_test_segment_0359.mat,0.000160393581844
Patient_1_test_segment_0174.mat,0.100048157191
Dog_2_test_segment_0590.mat,0.00470711545041
Dog_3_test_segment_0085.mat,0.168853980402
Dog_4_test_segment_0083.mat,0.00168547067917
Dog_4_test_segment_0832.mat,0.00834273754454
Dog_2_test_segment_0773.mat,0.00569963990641
Dog_2_test_segment_0093.mat,0.00057240689174
Dog_4_test_segment_0583.mat,4.8249598954e-05
Dog_4_test_segment_0767.mat,0.000479309139199
Dog_2_test_segment_0926.mat,0.00189824999059
Dog_3_test_segment_0160.mat,0.00157013502883
Dog_4_test_segment_0620.mat,0.00416981410465
Dog_4_test_segment_0935.mat,0.437527860268
Dog_3_test_segment_0884.mat,0.579703208622
Dog_3_test_segment_0770.mat,0.0738619228333
Dog_3_test_segment_0739.mat,0.63502770599
Dog_4_test_segment_0851.mat,0.000404137714698
Dog_4_test_segment_0685.mat,5.06711324253e-05
Patient_2_test_segment_0081.mat,0.538444101951
Dog_4_test_segment_0842.mat,0.0368149563533
Dog_2_test_segment_0034.mat,0.00101714449931
Dog_2_test_segment_0779.mat,0.0683341047419
Dog_3_test_segment_0768.mat,0.398668029736
Dog_1_test_segment_0245.mat,0.0378789107984
Dog_4_test_segment_0450.mat,0.807885921465
Dog_4_test_segment_0165.mat,0.00083483614783
Dog_3_test_segment_0737.mat,0.0039795011158
Dog_2_test_segment_0138.mat,0.032765575776
Dog_1_test_segment_0486.mat,0.00222436143069
Dog_1_test_segment_0104.mat,0.000380194430954
Dog_3_test_segment_0055.mat,0.117607654252
Dog_2_test_segment_0583.mat,0.0346013373507
Dog_3_test_segment_0303.mat,0.754920131049
Dog_5_test_segment_0171.mat,0.000274096275646
Dog_2_test_segment_0371.mat,0.0105753248921
Dog_3_test_segment_0060.mat,0.580475184097
Dog_1_test_segment_0230.mat,0.00230287678661
Dog_2_test_segment_0050.mat,0.768848422653
Dog_5_test_segment_0156.mat,1.03258771958e-05
Dog_3_test_segment_0542.mat,0.00231243522962
Patient_2_test_segment_0011.mat,0.538444101947
Dog_4_test_segment_0127.mat,0.000247537108482
Dog_3_test_segment_0005.mat,0.095452578672
Dog_4_test_segment_0680.mat,0.00551658581897
Dog_2_test_segment_0338.mat,0.0108651847779
Dog_4_test_segment_0777.mat,0.0433182196654
Dog_1_test_segment_0347.mat,0.385056919021
Dog_3_test_segment_0155.mat,0.0153960477551
Patient_2_test_segment_0007.mat,0.538444101947
Dog_3_test_segment_0313.mat,0.0119886054323
Dog_3_test_segment_0813.mat,0.432320077117
Dog_2_test_segment_0515.mat,0.000368410153783
Dog_3_test_segment_0521.mat,0.307273283453
Dog_1_test_segment_0435.mat,0.0127781946875
Dog_1_test_segment_0317.mat,0.245133289396
Dog_1_test_segment_0095.mat,0.189538763495
Dog_2_test_segment_0640.mat,0.000418805979328
Dog_2_test_segment_0043.mat,0.019024089144
Dog_2_test_segment_0155.mat,0.0328733324043
Dog_2_test_segment_0634.mat,0.00163453052193
Dog_1_test_segment_0446.mat,0.767621379628
Dog_3_test_segment_0481.mat,0.104159429105
Dog_4_test_segment_0299.mat,0.000631180975752
Patient_1_test_segment_0186.mat,0.170830323519
Dog_4_test_segment_0370.mat,0.00985439671759
Dog_4_test_segment_0771.mat,0.000589650900636
Dog_1_test_segment_0432.mat,0.0598598467999
Dog_4_test_segment_0022.mat,0.00410164355791
Dog_4_test_segment_0028.mat,3.12301577859e-05
Dog_4_test_segment_0586.mat,0.00069649356944
Dog_3_test_segment_0486.mat,0.094503976693
Dog_2_test_segment_0283.mat,0.00464452002293
Dog_2_test_segment_0731.mat,0.0459904289865
Dog_4_test_segment_0819.mat,0.297489390369
Dog_4_test_segment_0251.mat,7.0565480585e-05
Dog_1_test_segment_0247.mat,0.0151425424483
Dog_5_test_segment_0009.mat,0.00114398145359
Dog_3_test_segment_0788.mat,0.106784695848
Dog_3_test_segment_0608.mat,0.126085831238
Dog_3_test_segment_0818.mat,0.00169002126923
Dog_4_test_segment_0213.mat,0.000150558377479
Dog_4_test_segment_0192.mat,1.36538209315e-05
Dog_4_test_segment_0493.mat,0.000118596701578
Dog_1_test_segment_0417.mat,0.437521457082
Dog_4_test_segment_0376.mat,0.0648482017647
Dog_3_test_segment_0814.mat,0.00372622051696
Dog_2_test_segment_0377.mat,0.113364356336
Dog_2_test_segment_0764.mat,0.137937557358
Dog_4_test_segment_0492.mat,6.67795463801e-06
Dog_4_test_segment_0500.mat,0.00457533581182
Patient_1_test_segment_0034.mat,0.0265124644708
Dog_2_test_segment_0600.mat,0.0116088285284
Dog_1_test_segment_0280.mat,0.0826782953423
Dog_2_test_segment_0454.mat,0.00163236042732
Dog_1_test_segment_0304.mat,0.0206804968358
Dog_3_test_segment_0146.mat,0.0882988149441
Dog_2_test_segment_0537.mat,0.0256619996764
Dog_2_test_segment_0941.mat,0.00163497723179
Dog_1_test_segment_0087.mat,0.0321762065023
Dog_4_test_segment_0934.mat,9.16322231018e-05
Dog_3_test_segment_0855.mat,0.0583955370423
Dog_4_test_segment_0069.mat,0.000441376440499
Dog_4_test_segment_0623.mat,0.000846239458986
Dog_2_test_segment_0048.mat,0.794886435585
Dog_2_test_segment_0051.mat,0.00915284324601
Dog_2_test_segment_0291.mat,0.0299539912881
Dog_1_test_segment_0391.mat,0.06452929747
Dog_4_test_segment_0871.mat,3.83107983417e-06
Dog_2_test_segment_0263.mat,0.413690814896
Dog_2_test_segment_0027.mat,0.0059135812587
Patient_1_test_segment_0155.mat,0.0930708754499
Dog_4_test_segment_0591.mat,0.5
Dog_1_test_segment_0059.mat,0.00494326111647
Dog_2_test_segment_0698.mat,0.166281012266
Dog_1_test_segment_0385.mat,0.00496581555515
Dog_2_test_segment_0562.mat,0.131959134709
Dog_1_test_segment_0320.mat,0.000252721677886
Patient_2_test_segment_0012.mat,0.637696981641
Dog_2_test_segment_0868.mat,0.635209129487
Dog_2_test_segment_0936.mat,0.00755066176807
Dog_3_test_segment_0825.mat,0.0125742524474
Dog_4_test_segment_0858.mat,0.000846311974987
Dog_3_test_segment_0071.mat,0.0151201172813
Dog_3_test_segment_0385.mat,0.00801073266901
Dog_3_test_segment_0161.mat,0.0850991950977
Dog_2_test_segment_0298.mat,0.016688793751
Dog_3_test_segment_0309.mat,0.00200941452657
Dog_4_test_segment_0120.mat,0.421463482619
Patient_1_test_segment_0107.mat,0.891792815685
Patient_1_test_segment_0193.mat,0.426653642495
Dog_2_test_segment_0920.mat,0.00531673023457
Dog_3_test_segment_0445.mat,0.0175691190594
Dog_3_test_segment_0397.mat,0.67590334242
Patient_1_test_segment_0110.mat,0.205349254319
Dog_3_test_segment_0121.mat,0.143432149535
Dog_2_test_segment_0974.mat,0.551225937223
Patient_2_test_segment_0030.mat,0.539790353104
Patient_2_test_segment_0125.mat,0.538444129738
Dog_4_test_segment_0197.mat,0.000208690946769
Dog_1_test_segment_0185.mat,0.00155649395569
Dog_4_test_segment_0333.mat,4.35734987295e-05
Dog_2_test_segment_0088.mat,0.00172071058634
Dog_4_test_segment_0750.mat,0.222853926224
Patient_2_test_segment_0024.mat,0.594944681475
Dog_2_test_segment_0243.mat,0.000544646363251
Dog_2_test_segment_0297.mat,0.00163323669351
Dog_3_test_segment_0254.mat,0.00237364108725
Dog_4_test_segment_0706.mat,7.11552879779e-05
Dog_4_test_segment_0671.mat,0.000210768907062
Dog_1_test_segment_0160.mat,0.0140910306162
Dog_3_test_segment_0730.mat,0.00610098435325
Dog_4_test_segment_0797.mat,0.000148900150866
Dog_4_test_segment_0327.mat,0.0176879980951
Dog_4_test_segment_0437.mat,0.00434126236151
Dog_1_test_segment_0038.mat,0.0354972487722
Dog_2_test_segment_0271.mat,0.0163858346307
Dog_2_test_segment_0074.mat,0.627558623641
Dog_1_test_segment_0454.mat,0.00458873497979
Dog_2_test_segment_0621.mat,0.0312547673709
Dog_2_test_segment_0267.mat,0.00890547785133
Dog_2_test_segment_0972.mat,0.00332865959487
Dog_2_test_segment_0280.mat,0.00777721864012
Dog_2_test_segment_0759.mat,0.00628786233485
Dog_5_test_segment_0190.mat,0.000294098585809
Dog_4_test_segment_0061.mat,0.00147278825812
Dog_3_test_segment_0238.mat,0.0208966059501
Dog_4_test_segment_0888.mat,0.000744596537603
Patient_1_test_segment_0065.mat,0.21336102792
Dog_4_test_segment_0434.mat,0.000127108849712
Dog_4_test_segment_0423.mat,8.77928318058e-05
Dog_2_test_segment_0052.mat,0.019685573282
Patient_1_test_segment_0013.mat,0.121522135217
Dog_1_test_segment_0021.mat,0.519500721849
Dog_4_test_segment_0123.mat,0.0110673191785
Dog_4_test_segment_0202.mat,0.00032291722661
Dog_2_test_segment_0278.mat,0.00163494895471
Dog_2_test_segment_0685.mat,0.0658169592073
Dog_3_test_segment_0093.mat,0.00324941375608
Patient_1_test_segment_0098.mat,0.408654863202
Dog_2_test_segment_0247.mat,0.121477626046
Dog_4_test_segment_0457.mat,0.143489610897
Dog_2_test_segment_0622.mat,0.0172354464483
Dog_5_test_segment_0123.mat,0.000146866146226
Dog_2_test_segment_0221.mat,0.012876719507
Dog_3_test_segment_0359.mat,0.00236031839387
Dog_2_test_segment_0788.mat,0.0223087657087
Dog_3_test_segment_0151.mat,0.0118119728097
Dog_1_test_segment_0265.mat,0.0022677644985
Dog_3_test_segment_0373.mat,0.0867684082515
Dog_4_test_segment_0778.mat,7.26111884192e-05
Dog_2_test_segment_0467.mat,0.0228132961505
Dog_2_test_segment_0531.mat,0.00723609902794
Dog_5_test_segment_0078.mat,0.00114398145359
Patient_1_test_segment_0148.mat,0.896972283942
Dog_2_test_segment_0924.mat,0.116631330324
Dog_4_test_segment_0630.mat,1.54890847767e-05
Dog_2_test_segment_0251.mat,0.257418509517
Dog_2_test_segment_0606.mat,0.00147917298453
Dog_3_test_segment_0858.mat,0.4440133462
Dog_2_test_segment_0978.mat,0.027742207179
Dog_3_test_segment_0251.mat,0.0104937159871
Dog_4_test_segment_0598.mat,0.000519777148474
Dog_2_test_segment_0006.mat,0.00305542520142
Dog_3_test_segment_0382.mat,0.826212686943
Dog_4_test_segment_0988.mat,0.00255551568832
Dog_2_test_segment_0987.mat,0.00401772828512
Dog_3_test_segment_0154.mat,0.153377209309
Dog_1_test_segment_0131.mat,0.00393800936566
Dog_3_test_segment_0422.mat,0.244172532489
Dog_2_test_segment_0270.mat,0.249432293673
Dog_1_test_segment_0288.mat,0.0306376752003
Dog_1_test_segment_0400.mat,0.102313579852
Dog_4_test_segment_0188.mat,0.000786780996765
Dog_2_test_segment_0013.mat,0.00181420198194
Dog_4_test_segment_0387.mat,0.000472591305653
Dog_4_test_segment_0184.mat,0.0131964651986
Dog_3_test_segment_0501.mat,0.00426411796663
Dog_2_test_segment_0611.mat,0.00872366831688
Patient_1_test_segment_0117.mat,0.287931505757
Dog_5_test_segment_0026.mat,0.00114398145359
Dog_4_test_segment_0830.mat,0.048086059154
Dog_1_test_segment_0208.mat,0.0201150930339
Dog_1_test_segment_0440.mat,0.221712919296
Dog_1_test_segment_0200.mat,0.00119115144128
Dog_1_test_segment_0285.mat,0.0570591230688
Dog_2_test_segment_0664.mat,0.0363484837183
Dog_2_test_segment_0244.mat,0.00163435079114
Dog_1_test_segment_0218.mat,0.000999108011592
Patient_2_test_segment_0050.mat,0.538444101947
Dog_3_test_segment_0012.mat,0.409104755883
Patient_1_test_segment_0002.mat,0.835809189606
Dog_5_test_segment_0087.mat,0.000178679537448
Dog_1_test_segment_0239.mat,0.557625324679
Dog_4_test_segment_0954.mat,0.000304997779256
Dog_2_test_segment_0594.mat,0.0501921611981
Dog_2_test_segment_0328.mat,0.0765618452676
Dog_5_test_segment_0101.mat,0.00114062798567
Dog_3_test_segment_0041.mat,0.00952060013109
Dog_2_test_segment_0850.mat,0.0198535493099
Dog_4_test_segment_0283.mat,9.30034607529e-06
Dog_4_test_segment_0690.mat,0.00215324899329
Dog_3_test_segment_0549.mat,0.0148994653562
Dog_4_test_segment_0676.mat,0.000656244392968
Dog_5_test_segment_0024.mat,0.00114398145359
Dog_3_test_segment_0845.mat,0.0110425436174
Dog_2_test_segment_0540.mat,0.272119217112
Dog_2_test_segment_0814.mat,0.0204520851733
Dog_2_test_segment_0758.mat,0.0178248522298
Dog_1_test_segment_0158.mat,0.15904967735
Patient_2_test_segment_0040.mat,0.534018260708
Patient_1_test_segment_0140.mat,0.231417121293
Dog_3_test_segment_0682.mat,0.00678950282755
Dog_2_test_segment_0914.mat,0.0284029316245
Dog_4_test_segment_0521.mat,0.00943279887756
Dog_2_test_segment_0687.mat,0.00984596062268
Patient_2_test_segment_0083.mat,0.538444101948
Dog_2_test_segment_0785.mat,0.00210645518866
Dog_4_test_segment_0131.mat,0.00227851773026
Dog_3_test_segment_0054.mat,0.408493935008
Dog_3_test_segment_0347.mat,0.00180114781961
Dog_2_test_segment_0553.mat,0.0342289512905
Dog_1_test_segment_0462.mat,0.0101350398266
Dog_3_test_segment_0203.mat,0.0449801450682
Dog_4_test_segment_0051.mat,0.0207710326121
Dog_2_test_segment_0947.mat,0.0620964403498
Dog_2_test_segment_0843.mat,0.0238725155439
Dog_2_test_segment_0404.mat,0.17338444682
Patient_1_test_segment_0090.mat,0.524844683691
Dog_4_test_segment_0453.mat,0.00638248250435
Dog_1_test_segment_0431.mat,0.0269020616803
Dog_4_test_segment_0461.mat,0.00768520350351
Dog_3_test_segment_0173.mat,0.00229315629137
Dog_5_test_segment_0179.mat,0.00114398145335
Dog_5_test_segment_0136.mat,0.00114398145359
Patient_1_test_segment_0051.mat,0.89690198426
Dog_1_test_segment_0322.mat,0.0406015519379
Dog_3_test_segment_0834.mat,0.0122532772726
Dog_4_test_segment_0138.mat,0.000484271520095
Dog_2_test_segment_0204.mat,0.0783666035201
Dog_1_test_segment_0064.mat,0.125536102546
Dog_2_test_segment_0073.mat,0.00481860886695
Dog_3_test_segment_0178.mat,0.735194317478
Dog_2_test_segment_0406.mat,0.0542599248084
Dog_4_test_segment_0195.mat,8.37743768839e-07
Dog_2_test_segment_0883.mat,0.00658609198565
Dog_3_test_segment_0323.mat,0.154597154007
Dog_4_test_segment_0233.mat,0.0545703576877
Dog_4_test_segment_0723.mat,0.0626857630878
Patient_2_test_segment_0136.mat,0.556152603622
Dog_3_test_segment_0031.mat,0.0137983722935
Dog_3_test_segment_0311.mat,0.00783585995356
Dog_3_test_segment_0319.mat,0.00183341684884
Dog_4_test_segment_0967.mat,0.00115855571793
Dog_3_test_segment_0592.mat,0.00437583391332
Dog_2_test_segment_0716.mat,0.426183829318
Dog_3_test_segment_0689.mat,0.0467940548198
Dog_2_test_segment_0519.mat,0.000549872104151
Dog_2_test_segment_0917.mat,0.0257516586522
Dog_4_test_segment_0172.mat,0.0340255956478
Dog_4_test_segment_0048.mat,0.000116084811547
Dog_2_test_segment_0695.mat,0.0259640347673
Dog_4_test_segment_0332.mat,0.00206471356876
Dog_3_test_segment_0543.mat,0.00454677718058
Patient_1_test_segment_0167.mat,0.61418133961
Dog_4_test_segment_0890.mat,0.00112078806569
Dog_4_test_segment_0714.mat,0.00702631391477
Dog_1_test_segment_0399.mat,0.0451428072747
Dog_1_test_segment_0135.mat,0.015836579496
Dog_1_test_segment_0406.mat,0.0130625609639
Patient_1_test_segment_0001.mat,0.757988817561
Dog_4_test_segment_0186.mat,0.000105831346718
Dog_5_test_segment_0068.mat,0.000503290408661
Dog_2_test_segment_0460.mat,0.292268514704
Dog_3_test_segment_0198.mat,0.630357743239
Dog_3_test_segment_0827.mat,0.0567841174044
Dog_2_test_segment_0805.mat,0.0414910824929
Dog_1_test_segment_0161.mat,0.0384586042264
Dog_2_test_segment_0501.mat,0.0312352342801
Dog_1_test_segment_0444.mat,0.0385290878814
Dog_2_test_segment_0905.mat,0.0543785194058
Dog_2_test_segment_0639.mat,0.004658306482
Dog_2_test_segment_0799.mat,0.00356332592455
Dog_2_test_segment_0840.mat,0.023168090541
Dog_3_test_segment_0393.mat,0.00210149619574
Dog_3_test_segment_0153.mat,0.0134827210659
Dog_2_test_segment_0791.mat,0.0273140571464
Dog_3_test_segment_0086.mat,0.0248314510207
Dog_1_test_segment_0466.mat,0.0336441929642
Dog_4_test_segment_0978.mat,0.000263426631002
Dog_1_test_segment_0031.mat,0.0102079193485
Dog_1_test_segment_0430.mat,0.0760741466461
Patient_2_test_segment_0128.mat,0.533681965857
Dog_2_test_segment_0451.mat,0.0504039546173
Dog_3_test_segment_0635.mat,0.00231394225092
Dog_4_test_segment_0163.mat,2.64223274102e-05
Dog_4_test_segment_0845.mat,0.00123274104903
Patient_2_test_segment_0120.mat,0.538444101947
Dog_4_test_segment_0223.mat,0.0179418716721
Patient_1_test_segment_0125.mat,0.788138988831
Patient_1_test_segment_0103.mat,0.892566430005
Dog_1_test_segment_0457.mat,0.04437873605
Dog_4_test_segment_0302.mat,0.586186309078
Dog_4_test_segment_0984.mat,0.46818742351
Dog_3_test_segment_0163.mat,0.0271380603635
Patient_2_test_segment_0013.mat,0.538443351588
Dog_2_test_segment_0222.mat,0.0123943488413
Dog_4_test_segment_0363.mat,0.00232147582187
Dog_1_test_segment_0363.mat,0.0013470179201
Dog_2_test_segment_0736.mat,0.183803926562
Dog_4_test_segment_0574.mat,2.671146094e-05
Dog_1_test_segment_0154.mat,0.403751618674
Dog_4_test_segment_0601.mat,0.000249733111006
Dog_2_test_segment_0309.mat,0.00207064770269
Dog_5_test_segment_0049.mat,0.00114398145359
Dog_5_test_segment_0150.mat,0.00114398145359
Dog_4_test_segment_0305.mat,0.663860877363
Dog_2_test_segment_0347.mat,0.0240172696877
Dog_1_test_segment_0392.mat,0.00567084923609
Dog_3_test_segment_0822.mat,0.0443611243006
Patient_2_test_segment_0138.mat,0.538452359956
Dog_2_test_segment_0568.mat,0.173018777545
Dog_2_test_segment_0629.mat,0.0485381340254
Dog_3_test_segment_0333.mat,0.173993977479
Dog_2_test_segment_0865.mat,0.000151140359442
Dog_5_test_segment_0105.mat,0.00114327745931
Dog_3_test_segment_0907.mat,0.00391902091089
Dog_4_test_segment_0626.mat,0.000150980514204
Dog_2_test_segment_0880.mat,0.208188871767
Dog_3_test_segment_0152.mat,0.684262616379
Dog_1_test_segment_0475.mat,0.00309038889446
Dog_2_test_segment_0551.mat,0.965797776896
Dog_4_test_segment_0505.mat,0.000520496879369
Dog_3_test_segment_0864.mat,0.0386796074044
Dog_4_test_segment_0336.mat,2.12998788126e-05
Dog_3_test_segment_0434.mat,0.0116427180147
Dog_2_test_segment_0144.mat,0.0110973478251
Dog_1_test_segment_0081.mat,0.0420299816041
Dog_2_test_segment_0350.mat,0.263888830497
Dog_2_test_segment_0031.mat,0.00246472207263
Patient_1_test_segment_0067.mat,0.346083071019
Dog_3_test_segment_0464.mat,0.215746915812
Dog_5_test_segment_0048.mat,0.00114398145428
Dog_4_test_segment_0107.mat,0.000150862203742
Dog_3_test_segment_0484.mat,0.396323708493
Dog_2_test_segment_0674.mat,0.0465177173016
Dog_2_test_segment_0418.mat,0.0453320669221
Dog_4_test_segment_0482.mat,0.0865201481789
Patient_2_test_segment_0093.mat,0.538443801701
Dog_4_test_segment_0375.mat,0.0452109270124
Dog_4_test_segment_0801.mat,0.0420581384983
Dog_4_test_segment_0532.mat,0.00251663176838
Dog_2_test_segment_0793.mat,0.0716500687401
Dog_4_test_segment_0808.mat,0.00999369059956
Patient_1_test_segment_0187.mat,0.779483901887
Dog_4_test_segment_0109.mat,0.337187153866
Patient_2_test_segment_0016.mat,0.538444106452
Dog_3_test_segment_0901.mat,0.00225577449603
Patient_1_test_segment_0114.mat,0.710617773873
Dog_3_test_segment_0015.mat,0.00190374345307
Dog_2_test_segment_0212.mat,0.133246195704
Patient_2_test_segment_0006.mat,0.396005573415
Dog_3_test_segment_0676.mat,0.167176845401
Dog_3_test_segment_0480.mat,0.286510410903
Dog_4_test_segment_0931.mat,0.000901103680329
Dog_2_test_segment_0438.mat,0.00651954891218
Dog_3_test_segment_0260.mat,0.131181924102
Dog_4_test_segment_0902.mat,0.00417857321328
Dog_3_test_segment_0626.mat,0.319536058796
Dog_3_test_segment_0074.mat,0.0120650741194
Patient_2_test_segment_0023.mat,0.775823268513
Dog_4_test_segment_0758.mat,1.36163798708e-05
Dog_3_test_segment_0004.mat,0.00219346382461
Dog_3_test_segment_0083.mat,0.00264222073531
Dog_2_test_segment_0337.mat,0.0053640857678
Dog_4_test_segment_0855.mat,0.000154081339126
Dog_1_test_segment_0411.mat,0.0256336913415
Dog_3_test_segment_0604.mat,0.00164363970612
Dog_2_test_segment_0383.mat,0.00367145809981
Dog_3_test_segment_0240.mat,0.00177386642049
Dog_4_test_segment_0885.mat,0.0107688448756
Dog_2_test_segment_0400.mat,0.359725717311
Dog_5_test_segment_0066.mat,0.00114398145752
Dog_4_test_segment_0174.mat,0.000618497508125
Dog_5_test_segment_0001.mat,0.00114398145359
Dog_4_test_segment_0139.mat,0.00949239891032
Dog_3_test_segment_0715.mat,0.0174886390899
Patient_1_test_segment_0064.mat,0.309284438436
Patient_2_test_segment_0109.mat,0.538444101947
Dog_2_test_segment_0343.mat,0.275248512332
Dog_3_test_segment_0886.mat,0.00832452097879
Dog_4_test_segment_0724.mat,0.00867916672546
Dog_4_test_segment_0802.mat,2.49234468085e-05
Dog_3_test_segment_0769.mat,0.0020962355043
Dog_2_test_segment_0190.mat,0.18820251248
Dog_2_test_segment_0223.mat,0.0618790316878
Dog_4_test_segment_0309.mat,0.0960739628896
Dog_2_test_segment_0147.mat,0.0155111025956
Dog_4_test_segment_0852.mat,0.0333555441374
Dog_3_test_segment_0229.mat,0.110353713883
Dog_3_test_segment_0693.mat,0.0254161828064
Dog_2_test_segment_0380.mat,0.00668364474402
Dog_3_test_segment_0578.mat,0.00381412768967
Dog_3_test_segment_0421.mat,0.0018515960035
Dog_4_test_segment_0315.mat,0.00241183483933
Dog_1_test_segment_0102.mat,0.00327849956562
Dog_2_test_segment_0015.mat,0.032290023682
Dog_1_test_segment_0248.mat,0.207015422938
Dog_4_test_segment_0593.mat,0.194224216178
Dog_2_test_segment_0679.mat,0.0507839159059
Dog_2_test_segment_0457.mat,0.003289916099
Dog_1_test_segment_0083.mat,0.107595073325
Dog_1_test_segment_0184.mat,0.00394504474196
Dog_2_test_segment_0982.mat,0.85091897118
Dog_4_test_segment_0703.mat,0.00498964011535
Dog_1_test_segment_0500.mat,0.12788056012
Patient_1_test_segment_0006.mat,0.731924776909
Dog_2_test_segment_0763.mat,0.000329307195884
Patient_1_test_segment_0032.mat,0.265611630759
Dog_2_test_segment_0200.mat,0.0140246511648
Dog_1_test_segment_0227.mat,0.0046511556352
Dog_2_test_segment_0991.mat,0.109168660459
Dog_3_test_segment_0752.mat,0.0407277631727
Dog_2_test_segment_0416.mat,0.027142092039
Dog_2_test_segment_0860.mat,0.0366749560226
Dog_4_test_segment_0784.mat,0.00663698881154
Dog_4_test_segment_0357.mat,0.00374750346848
Dog_3_test_segment_0510.mat,0.825970122309
Patient_2_test_segment_0037.mat,0.533150420189
Dog_4_test_segment_0306.mat,3.37791896515e-05
Dog_2_test_segment_0693.mat,0.0223547049855
Dog_3_test_segment_0498.mat,0.0243113843898
Patient_2_test_segment_0072.mat,0.538444055307
Dog_2_test_segment_0409.mat,0.100720939568
Dog_4_test_segment_0212.mat,0.00181860939007
Dog_3_test_segment_0399.mat,0.00187259391661
Dog_4_test_segment_0495.mat,0.0135211476853
Dog_4_test_segment_0672.mat,0.0016555466893
Dog_1_test_segment_0079.mat,0.0814492630186
Dog_3_test_segment_0672.mat,0.0034543744168
Dog_3_test_segment_0216.mat,0.299627690302
Dog_2_test_segment_0652.mat,0.00139384523361
Dog_4_test_segment_0963.mat,0.00106199505084
Dog_1_test_segment_0132.mat,0.0834781687159
Patient_2_test_segment_0096.mat,0.337405689442
Dog_4_test_segment_0667.mat,0.00478239304778
Dog_5_test_segment_0091.mat,0.000499045416711
Patient_2_test_segment_0014.mat,0.332305210694
Dog_2_test_segment_0700.mat,0.000533781536768
Patient_2_test_segment_0100.mat,0.538353772718
Dog_4_test_segment_0895.mat,0.00214157266968
Dog_2_test_segment_0819.mat,0.524307729568
Dog_2_test_segment_0483.mat,0.107376002605
Dog_2_test_segment_0055.mat,0.0331562784285
Dog_4_test_segment_0658.mat,0.000572123411569
Dog_4_test_segment_0646.mat,0.598049622832
Dog_3_test_segment_0174.mat,0.00724381354797
Dog_4_test_segment_0488.mat,0.000953694859512
Dog_4_test_segment_0362.mat,0.00769857193723
Dog_4_test_segment_0344.mat,0.00220561297024
Dog_4_test_segment_0198.mat,0.00229291529571
Dog_2_test_segment_0472.mat,0.130458082348
Dog_3_test_segment_0208.mat,0.0057513844175
Dog_2_test_segment_0963.mat,0.0599913859713
Dog_4_test_segment_0872.mat,4.00920415782e-05
Dog_3_test_segment_0479.mat,0.591930395651
Dog_5_test_segment_0165.mat,0.000447499985564
Dog_2_test_segment_0162.mat,0.374795556123
Dog_1_test_segment_0402.mat,0.00687633549583
Dog_4_test_segment_0919.mat,0.00120551950754
Dog_2_test_segment_0812.mat,0.0255338972859
Dog_1_test_segment_0354.mat,0.680922466869
Patient_1_test_segment_0099.mat,0.780844212537
Dog_3_test_segment_0507.mat,0.0467823012378
Dog_2_test_segment_0593.mat,0.0276973080608
Dog_2_test_segment_0954.mat,0.0323694783732
Dog_4_test_segment_0356.mat,0.271741640668
Dog_3_test_segment_0157.mat,0.00250082291297
Dog_3_test_segment_0875.mat,0.0114343513695
Dog_4_test_segment_0261.mat,0.000368702750514
Dog_3_test_segment_0631.mat,0.0248951506279
Dog_3_test_segment_0268.mat,0.523231395496
Dog_4_test_segment_0454.mat,0.0232155549302
Dog_2_test_segment_0410.mat,0.151026020066
Dog_3_test_segment_0245.mat,0.605790550536
Dog_3_test_segment_0544.mat,0.0438032808832
Dog_4_test_segment_0446.mat,0.0779455967543
Dog_4_test_segment_0588.mat,0.00313315392227
Patient_2_test_segment_0126.mat,0.376470435351
Dog_1_test_segment_0182.mat,0.0179671710336
Dog_4_test_segment_0592.mat,0.000121654055249
Dog_4_test_segment_0130.mat,0.0251728302555
Dog_2_test_segment_0324.mat,0.00254857336564
Patient_1_test_segment_0139.mat,0.47308076769
Dog_2_test_segment_0084.mat,0.00844908373539
Dog_3_test_segment_0572.mat,0.105665583307
Dog_4_test_segment_0386.mat,0.937228159442
Dog_3_test_segment_0404.mat,0.0060156048248
Dog_4_test_segment_0608.mat,0.000407367803998
Dog_3_test_segment_0846.mat,0.00185223429446
Dog_2_test_segment_0287.mat,0.0186962954939
Dog_4_test_segment_0762.mat,0.00550246824888
Dog_1_test_segment_0368.mat,0.00929344131065
Dog_5_test_segment_0029.mat,1.61723810432e-05
Patient_2_test_segment_0150.mat,0.53844410195
Dog_3_test_segment_0561.mat,0.00727269385732
Dog_2_test_segment_0386.mat,0.0744431204744
Dog_3_test_segment_0057.mat,0.120476717365
Dog_3_test_segment_0079.mat,0.898138074028
Patient_2_test_segment_0029.mat,0.538444103744
Dog_4_test_segment_0441.mat,0.00131480289708
Dog_2_test_segment_0858.mat,0.118729243057
Dog_4_test_segment_0907.mat,0.000451746891067
Dog_2_test_segment_0633.mat,0.00391432306106
Dog_2_test_segment_0649.mat,0.00163329403667
Dog_2_test_segment_0839.mat,0.00907036577292
Dog_2_test_segment_0816.mat,0.12669803514
Dog_1_test_segment_0329.mat,0.0216950088399
Patient_1_test_segment_0124.mat,0.720853553443
Dog_2_test_segment_0962.mat,0.464855554671
Dog_3_test_segment_0552.mat,0.54261090469
Dog_3_test_segment_0465.mat,0.0229755042049
Dog_3_test_segment_0815.mat,0.00537381637542
Dog_2_test_segment_0928.mat,0.0677306912832
Dog_4_test_segment_0737.mat,0.000520088570341
Dog_2_test_segment_0613.mat,0.00133967357229
Dog_3_test_segment_0566.mat,0.208529848878
Dog_2_test_segment_0176.mat,0.00210651122005
Dog_3_test_segment_0436.mat,0.026648609877
Dog_3_test_segment_0723.mat,0.00667020704559
Dog_2_test_segment_0446.mat,0.0993257103734
Dog_2_test_segment_0059.mat,0.17949273528
Dog_4_test_segment_0317.mat,0.172832554733
Dog_2_test_segment_0861.mat,0.00199262483472
Dog_2_test_segment_0023.mat,0.0813375849297
Dog_2_test_segment_0707.mat,0.0902898841545
Patient_1_test_segment_0059.mat,0.374074853132
Dog_4_test_segment_0811.mat,0.0670423196292
Dog_1_test_segment_0004.mat,0.095645130574
Dog_2_test_segment_0555.mat,0.000674878122427
Dog_3_test_segment_0623.mat,0.00367358191951
Dog_4_test_segment_0256.mat,0.000104982975721
Dog_2_test_segment_0604.mat,0.00119420628569
Patient_1_test_segment_0101.mat,0.764568250259
Dog_2_test_segment_0425.mat,0.0313191452622
Dog_3_test_segment_0576.mat,0.00112201858572
Dog_4_test_segment_0534.mat,0.000492581328655
Dog_2_test_segment_0563.mat,0.00303061219363
Dog_5_test_segment_0006.mat,0.00114398145359
Dog_5_test_segment_0180.mat,0.00130542415672
Dog_4_test_segment_0456.mat,0.000113789168283
Dog_3_test_segment_0613.mat,0.546277671883
Dog_2_test_segment_0620.mat,0.0303110726749
Dog_4_test_segment_0273.mat,0.000239100946156
Dog_2_test_segment_0082.mat,0.00956695959629
Dog_3_test_segment_0839.mat,0.0614668862969
Dog_2_test_segment_0170.mat,0.212825563668
Patient_1_test_segment_0041.mat,0.358578896499
Dog_2_test_segment_0976.mat,0.043922711393
Dog_4_test_segment_0605.mat,0.69003575209
Dog_2_test_segment_0756.mat,0.446567950685
Dog_1_test_segment_0352.mat,0.010268016139
Dog_3_test_segment_0202.mat,0.646939077685
Dog_1_test_segment_0225.mat,0.05054716606
Dog_1_test_segment_0318.mat,0.00110335583647
Dog_4_test_segment_0809.mat,0.0302962806518
Dog_4_test_segment_0835.mat,0.000472500259999
Dog_2_test_segment_0240.mat,0.149568297608
Dog_1_test_segment_0359.mat,0.0498399302108
Dog_4_test_segment_0589.mat,0.000936453400888
Dog_3_test_segment_0877.mat,0.00383690382725
Dog_4_test_segment_0438.mat,0.265044188121
Dog_2_test_segment_0463.mat,0.00106582327477
Dog_4_test_segment_0540.mat,0.00871025551828
Dog_1_test_segment_0202.mat,0.0046569361522
Patient_2_test_segment_0133.mat,0.538444101947
Dog_2_test_segment_0431.mat,0.788573777972
Dog_2_test_segment_0326.mat,0.00786375218684
Dog_3_test_segment_0482.mat,0.0149753678943
Dog_3_test_segment_0868.mat,0.00922961395504
Dog_1_test_segment_0049.mat,0.123662848722
Dog_3_test_segment_0451.mat,0.890996725126
Patient_1_test_segment_0042.mat,0.798364125364
Dog_2_test_segment_0036.mat,0.00297197805322
Dog_2_test_segment_0264.mat,0.858706692892
Dog_2_test_segment_0627.mat,0.459326771534
Dog_3_test_segment_0420.mat,0.118162807245
Dog_5_test_segment_0075.mat,0.0011439814536
Dog_3_test_segment_0553.mat,0.0636558952547
Dog_4_test_segment_0049.mat,0.000137381055213
Dog_4_test_segment_0029.mat,0.00212300217177
Dog_4_test_segment_0418.mat,0.0140854955514
Dog_2_test_segment_0638.mat,0.0380511372232
Dog_3_test_segment_0619.mat,0.113362616279
Patient_1_test_segment_0123.mat,0.421821984311
Patient_1_test_segment_0066.mat,0.821863203189
Dog_2_test_segment_0571.mat,0.0355700033921
Dog_1_test_segment_0438.mat,0.00153339779791
Patient_2_test_segment_0032.mat,0.568900740437
Dog_4_test_segment_0154.mat,3.47587737094e-05
Dog_4_test_segment_0790.mat,0.165256492466
Dog_4_test_segment_0950.mat,0.0028700329053
Dog_4_test_segment_0793.mat,0.000202688432885
Dog_3_test_segment_0580.mat,0.00184874050936
Dog_4_test_segment_0082.mat,0.00111104939256
Patient_1_test_segment_0112.mat,0.862658191724
Dog_4_test_segment_0826.mat,0.00112821874587
Dog_5_test_segment_0022.mat,0.00114398145359
Dog_1_test_segment_0148.mat,0.00377522428775
Dog_4_test_segment_0973.mat,3.40974669896e-05
Dog_1_test_segment_0051.mat,0.00287720590709
Dog_2_test_segment_0984.mat,0.103561503469
Dog_5_test_segment_0089.mat,0.00114398145355
Dog_3_test_segment_0898.mat,0.0110677341691
Dog_4_test_segment_0463.mat,0.000269260636871
Patient_2_test_segment_0033.mat,0.405909027465
Dog_4_test_segment_0055.mat,0.587599614597
Dog_4_test_segment_0684.mat,7.3769423361e-05
Dog_1_test_segment_0360.mat,0.00457099779595
Dog_4_test_segment_0653.mat,0.000778897885854
Dog_2_test_segment_0673.mat,0.104336977479
Dog_3_test_segment_0722.mat,0.751191642786
Dog_4_test_segment_0253.mat,0.0223377749657
Dog_3_test_segment_0896.mat,0.269594938796
Dog_2_test_segment_0009.mat,0.00678916830682
Dog_2_test_segment_0755.mat,0.0978955514999
Dog_4_test_segment_0621.mat,0.191009247021
Dog_4_test_segment_0205.mat,0.000204330218928
Dog_5_test_segment_0041.mat,0.000335004664559
Dog_4_test_segment_0033.mat,0.000497041665734
Dog_4_test_segment_0497.mat,4.57176908841e-05
Dog_2_test_segment_0767.mat,0.658920715063
Dog_3_test_segment_0904.mat,0.0365783126191
Dog_3_test_segment_0158.mat,0.00276310331146
Dog_4_test_segment_0236.mat,0.000218757990354
Dog_4_test_segment_0296.mat,0.0310392426693
Dog_2_test_segment_0458.mat,0.00318828489663
Dog_4_test_segment_0959.mat,3.80274868563e-05
Dog_4_test_segment_0757.mat,0.0905960012125
Dog_4_test_segment_0940.mat,0.12386184651
Dog_3_test_segment_0018.mat,0.157575862639
Dog_4_test_segment_0176.mat,0.0127924551964
Dog_1_test_segment_0150.mat,0.0532445416943
Dog_4_test_segment_0549.mat,0.0011162708084
Dog_2_test_segment_0229.mat,0.690850537301
Dog_4_test_segment_0609.mat,0.00101788953897
Dog_1_test_segment_0376.mat,0.0171110229456
Dog_2_test_segment_0209.mat,0.00531168667714
Dog_3_test_segment_0888.mat,0.00849252789039
Dog_4_test_segment_0455.mat,0.466799287984
Dog_1_test_segment_0366.mat,0.00186252347812
Dog_2_test_segment_0076.mat,0.041069004385
Dog_3_test_segment_0222.mat,0.00432656790127
Dog_1_test_segment_0026.mat,0.0554911684307
Dog_4_test_segment_0106.mat,0.001108048436
Dog_3_test_segment_0470.mat,0.0211001899627
Dog_3_test_segment_0395.mat,0.0599314849159
Dog_2_test_segment_0916.mat,0.0235203177548
Dog_2_test_segment_0308.mat,0.00412842649604
Dog_4_test_segment_0428.mat,7.68902418159e-05
Dog_4_test_segment_0518.mat,1.30501567495e-05
Dog_2_test_segment_0379.mat,0.184809571789
Dog_4_test_segment_0472.mat,0.00362441683576
Dog_3_test_segment_0583.mat,0.00766966708038
Dog_3_test_segment_0891.mat,0.00817720779341
Dog_2_test_segment_0498.mat,0.000978288152088
Dog_2_test_segment_0375.mat,0.00804362047747
Dog_2_test_segment_0733.mat,0.0618357159719
Dog_2_test_segment_0285.mat,0.0664416433803
Dog_4_test_segment_0892.mat,0.00142253102252
Dog_2_test_segment_0971.mat,0.282537777831
Dog_4_test_segment_0896.mat,2.58638748273e-05
Dog_2_test_segment_0776.mat,0.0527207589328
Dog_2_test_segment_0450.mat,0.0173369529509
Dog_1_test_segment_0250.mat,0.0421620304886
Dog_2_test_segment_0908.mat,0.0202730481814
Patient_2_test_segment_0095.mat,0.538617816614
Dog_2_test_segment_0063.mat,0.0275969035806
Dog_2_test_segment_0911.mat,0.356787241003
Dog_3_test_segment_0363.mat,0.0371078794751
Dog_2_test_segment_0536.mat,0.00368809973002
Dog_2_test_segment_0722.mat,0.00183792992755
Patient_1_test_segment_0071.mat,0.0692829762461
Dog_3_test_segment_0315.mat,0.00424980765005
Dog_2_test_segment_0265.mat,0.0453821737368
Dog_2_test_segment_0811.mat,0.0775507878946
Dog_2_test_segment_0772.mat,0.00428435965893
Dog_5_test_segment_0043.mat,0.00114398145359
Dog_4_test_segment_0836.mat,0.000901700206094
Dog_3_test_segment_0496.mat,0.00344577400806
Dog_3_test_segment_0459.mat,0.00460700881207
Dog_4_test_segment_0876.mat,0.000215129376475
Dog_2_test_segment_0448.mat,0.0925798107474
Dog_3_test_segment_0854.mat,0.00266165096434
Dog_4_test_segment_0694.mat,0.734366056184
Dog_1_test_segment_0490.mat,0.0293631460278
Dog_4_test_segment_0859.mat,0.293943934821
Dog_1_test_segment_0387.mat,0.0154034290146
Dog_3_test_segment_0745.mat,0.0029980659449
Dog_4_test_segment_0665.mat,0.000678006566494
Dog_3_test_segment_0194.mat,0.0382726732427
Dog_2_test_segment_0398.mat,0.0603794754714
Dog_4_test_segment_0093.mat,0.618561719491
Dog_5_test_segment_0028.mat,0.00114398145359
Patient_1_test_segment_0184.mat,0.558278119129
Patient_1_test_segment_0164.mat,0.84626108289
Dog_2_test_segment_0281.mat,0.00506597009928
Dog_2_test_segment_0632.mat,0.0496443553094
Dog_3_test_segment_0125.mat,0.00424709392674
Dog_5_test_segment_0164.mat,4.26008509496e-05
Dog_4_test_segment_0259.mat,0.683721071212
Dog_5_test_segment_0038.mat,0.00114398145359
Dog_2_test_segment_0481.mat,0.0320551593914
Dog_4_test_segment_0914.mat,0.0209826597608
Dog_4_test_segment_0160.mat,7.43189011103e-06
Patient_1_test_segment_0050.mat,0.863665926087
Dog_2_test_segment_0407.mat,0.0810639472922
Patient_1_test_segment_0049.mat,0.910055204617
Dog_3_test_segment_0821.mat,0.00181757235534
Dog_3_test_segment_0599.mat,0.098222594068
Dog_4_test_segment_0884.mat,0.408706324531
Dog_4_test_segment_0218.mat,3.77991666055e-06
Dog_2_test_segment_0668.mat,0.000911598434764
Patient_2_test_segment_0145.mat,0.538444101947
Dog_3_test_segment_0744.mat,0.0156699005482
Dog_3_test_segment_0523.mat,0.278936400819
Dog_2_test_segment_0261.mat,0.00695095453489
Dog_4_test_segment_0417.mat,0.000610365677853
Dog_2_test_segment_0745.mat,0.00344050875925
Dog_3_test_segment_0615.mat,0.00339065750289
Dog_4_test_segment_0644.mat,7.21721957428e-05
Dog_2_test_segment_0077.mat,0.0701642289337
Dog_5_test_segment_0143.mat,0.000148058207087
Dog_1_test_segment_0341.mat,0.202259836601
Dog_3_test_segment_0562.mat,0.254710385412
Dog_2_test_segment_0259.mat,0.0401855298297
Dog_3_test_segment_0695.mat,0.00302731479257
Dog_3_test_segment_0141.mat,0.00166586104478
Patient_1_test_segment_0168.mat,0.908734159516
Dog_3_test_segment_0803.mat,0.210495160854
Dog_3_test_segment_0387.mat,0.00257945400326
Dog_5_test_segment_0055.mat,0.0011439814536
Patient_1_test_segment_0116.mat,0.913845669949
Dog_4_test_segment_0038.mat,0.0685877019228
Dog_2_test_segment_0411.mat,0.0187888028305
Dog_5_test_segment_0011.mat,0.0011498282048
Dog_2_test_segment_0520.mat,0.0046895204776
Dog_2_test_segment_0160.mat,0.00712510437555
Dog_3_test_segment_0519.mat,0.0029706803572
Dog_5_test_segment_0025.mat,0.000173131270655
Dog_1_test_segment_0123.mat,0.00333283890683
Dog_4_test_segment_0449.mat,0.00228569377277
Dog_4_test_segment_0850.mat,1.56219678238e-05
Dog_4_test_segment_0666.mat,0.000922097345346
Dog_5_test_segment_0071.mat,0.00114398145359
Dog_2_test_segment_0305.mat,0.0281387954732
Patient_1_test_segment_0179.mat,0.903871795243
Dog_2_test_segment_0354.mat,0.0144712627956
Dog_4_test_segment_0334.mat,1.09701433973e-05
Dog_2_test_segment_0570.mat,0.00513518189917
Dog_2_test_segment_0715.mat,0.307569434587
Dog_2_test_segment_0836.mat,0.0104762447426
Dog_2_test_segment_0445.mat,0.00150378332563
Patient_1_test_segment_0137.mat,0.864821435644
Dog_4_test_segment_0913.mat,0.0361472395016
Dog_2_test_segment_0140.mat,0.0461646118896
Dog_2_test_segment_0396.mat,0.0136040283343
Dog_2_test_segment_0237.mat,0.0592136460957
Dog_3_test_segment_0236.mat,0.0893320741928
Dog_3_test_segment_0500.mat,0.00211519455991
Dog_4_test_segment_0498.mat,0.000932524320161
Dog_4_test_segment_0960.mat,0.000648415716968
Dog_4_test_segment_0732.mat,0.00182007590898
Dog_3_test_segment_0293.mat,0.016686412161
Dog_3_test_segment_0327.mat,0.00218738795552
Dog_2_test_segment_0870.mat,0.0122976946535
Dog_4_test_segment_0045.mat,3.82719312876e-06
Dog_3_test_segment_0841.mat,0.00189014852882
Dog_4_test_segment_0282.mat,0.00290677550395
Dog_5_test_segment_0139.mat,0.00114398270591
Dog_2_test_segment_0810.mat,0.110678982915
Dog_4_test_segment_0719.mat,0.0158831993127
Dog_2_test_segment_0290.mat,0.0155523346229
Dog_2_test_segment_0339.mat,0.00118604885349
Dog_1_test_segment_0478.mat,0.0254556368572
Dog_2_test_segment_0549.mat,0.238799659813
Dog_4_test_segment_0238.mat,0.00158279839233
Dog_1_test_segment_0313.mat,0.00172532032238
Dog_2_test_segment_0294.mat,0.358993073675
Patient_1_test_segment_0018.mat,0.225636521806
Dog_1_test_segment_0120.mat,0.224912901746
Dog_3_test_segment_0204.mat,0.899754852362
Dog_2_test_segment_0559.mat,0.0194277556977
Dog_4_test_segment_0279.mat,0.000379874436177
Dog_2_test_segment_0477.mat,0.0372618989683
Dog_1_test_segment_0189.mat,0.250879347484
Patient_1_test_segment_0011.mat,0.875035021323
Patient_1_test_segment_0040.mat,0.494665663482
Dog_2_test_segment_0616.mat,0.0159400651029
Dog_4_test_segment_0741.mat,0.000967669892957
Dog_3_test_segment_0181.mat,0.0986840054531
Dog_3_test_segment_0550.mat,0.0735557044735
Dog_3_test_segment_0177.mat,0.0440674087644
Dog_2_test_segment_0958.mat,0.00300903979023
Dog_2_test_segment_0866.mat,0.036643015855
Dog_4_test_segment_0781.mat,0.00351789024359
Dog_1_test_segment_0271.mat,0.00060642334094
Dog_2_test_segment_0169.mat,0.00208931552993
Dog_4_test_segment_0164.mat,0.0137100659428
Dog_1_test_segment_0291.mat,0.000933026099518
Dog_1_test_segment_0283.mat,0.00905094243686
Dog_1_test_segment_0463.mat,0.00101892768846
Dog_3_test_segment_0225.mat,0.440001738112
Patient_1_test_segment_0128.mat,0.698642378045
Patient_2_test_segment_0018.mat,0.538444090438
Dog_2_test_segment_0115.mat,0.0204830083467
Dog_4_test_segment_0105.mat,0.000140630972619
Dog_4_test_segment_0142.mat,1.13470150651e-05
Dog_2_test_segment_0697.mat,0.0271599500926
Dog_4_test_segment_0395.mat,0.00345067159597
Dog_4_test_segment_0695.mat,0.0670308392287
Dog_2_test_segment_0956.mat,0.216590893134
Dog_3_test_segment_0371.mat,0.00184053224026
Dog_4_test_segment_0625.mat,0.331183551721
Dog_4_test_segment_0396.mat,0.000309479639209
Dog_3_test_segment_0560.mat,0.0138745010484
Dog_3_test_segment_0426.mat,0.0176686259849
Dog_2_test_segment_0427.mat,0.00516742710097
Dog_4_test_segment_0235.mat,0.0280070674717
Dog_3_test_segment_0852.mat,0.106543468683
Patient_1_test_segment_0172.mat,0.754109538934
Dog_1_test_segment_0425.mat,0.0185028780876
Dog_3_test_segment_0678.mat,0.00448917709798
Patient_2_test_segment_0038.mat,0.538444101947
Dog_2_test_segment_0726.mat,0.0104760119871
Dog_5_test_segment_0072.mat,0.000131839533781
Dog_1_test_segment_0421.mat,0.252498985806
Dog_3_test_segment_0589.mat,0.192070298208
Dog_5_test_segment_0128.mat,0.00114398145359
Dog_3_test_segment_0450.mat,0.0132378957412
Dog_1_test_segment_0254.mat,0.0130994623081
Dog_3_test_segment_0701.mat,0.00182288169886
Dog_3_test_segment_0515.mat,0.00191674169021
Dog_2_test_segment_0022.mat,0.389927089524
Dog_4_test_segment_0910.mat,0.035863628715
Dog_2_test_segment_0131.mat,0.00638219408795
Dog_2_test_segment_0203.mat,0.0016471616404
Dog_2_test_segment_0575.mat,0.0431996249598
Dog_4_test_segment_0321.mat,1.61447382263e-05
Patient_1_test_segment_0068.mat,0.640838685314
Dog_3_test_segment_0379.mat,0.199863992902
Dog_2_test_segment_0118.mat,0.0572137191585
Dog_3_test_segment_0029.mat,0.00183750587381
Dog_3_test_segment_0124.mat,0.00453099057788
Dog_2_test_segment_0465.mat,0.00196332420421
Dog_4_test_segment_0980.mat,0.039374961228
Dog_2_test_segment_0432.mat,0.00163425009961
Dog_3_test_segment_0660.mat,0.201991495343
Dog_4_test_segment_0599.mat,0.0819747891747
Dog_2_test_segment_0255.mat,0.00899938268649
Dog_3_test_segment_0810.mat,0.00461257899969
Dog_2_test_segment_0896.mat,0.00642558651609
Dog_1_test_segment_0071.mat,0.0802379172831
Dog_5_test_segment_0018.mat,3.86743994019e-05
Dog_4_test_segment_0404.mat,1.59089893655e-06
Patient_1_test_segment_0158.mat,0.861709996427
Dog_4_test_segment_0072.mat,0.263517722608
Dog_2_test_segment_0188.mat,0.00919798836429
Dog_1_test_segment_0080.mat,0.802036306618
Dog_1_test_segment_0033.mat,0.00257888228527
Dog_2_test_segment_0929.mat,0.0674898241137
Dog_3_test_segment_0388.mat,0.00183524694735
Dog_2_test_segment_0727.mat,0.0783735843703
Patient_2_test_segment_0071.mat,0.538444101931
Dog_2_test_segment_0534.mat,0.241863102705
Dog_3_test_segment_0143.mat,0.00275842381413
Dog_2_test_segment_0610.mat,0.0544864509859
Dog_4_test_segment_0026.mat,0.000285799117357
Patient_1_test_segment_0004.mat,0.617429925891
Dog_1_test_segment_0234.mat,0.000201112125172
Dog_4_test_segment_0137.mat,0.0023702667536
Dog_2_test_segment_0444.mat,0.00194684141875
Dog_2_test_segment_0746.mat,0.0637036116053
Dog_2_test_segment_0952.mat,0.000901594653088
Dog_3_test_segment_0115.mat,0.00740958796385
Dog_5_test_segment_0177.mat,1.06801127797e-05
Dog_2_test_segment_0618.mat,0.00313594264758
Dog_3_test_segment_0237.mat,0.0446484225473
Dog_4_test_segment_0752.mat,0.000592586602983
Dog_1_test_segment_0113.mat,0.0137920007459
Dog_3_test_segment_0324.mat,0.0677614148189
Dog_2_test_segment_0588.mat,0.0147444873056
Dog_4_test_segment_0157.mat,0.0081472047872
Dog_2_test_segment_0960.mat,0.000667088298066
Dog_4_test_segment_0047.mat,0.5
Dog_2_test_segment_0857.mat,0.00935788254623
Dog_3_test_segment_0889.mat,0.00244703289637
Dog_1_test_segment_0427.mat,0.000206167936256
Dog_4_test_segment_0812.mat,0.00499587577136
Dog_4_test_segment_0576.mat,0.933213702946
Patient_2_test_segment_0116.mat,0.538444101947
Dog_1_test_segment_0303.mat,0.157273125577
Patient_1_test_segment_0180.mat,0.707560296912
Dog_5_test_segment_0096.mat,3.53411955588e-05
Dog_3_test_segment_0049.mat,0.00469422241606
Patient_1_test_segment_0146.mat,0.441012929991
Dog_4_test_segment_0429.mat,0.0604401468962
Dog_2_test_segment_0503.mat,0.0768061253521
Dog_3_test_segment_0134.mat,0.0348821781193
Dog_4_test_segment_0265.mat,0.223987936634
Dog_4_test_segment_0759.mat,1.43121986441e-06
Dog_3_test_segment_0437.mat,0.0192621043856
Dog_3_test_segment_0784.mat,0.00527819049007
Dog_4_test_segment_0234.mat,0.0230810464825
Dog_2_test_segment_0168.mat,0.000527206090407
Dog_3_test_segment_0707.mat,0.00197666714389
Dog_4_test_segment_0340.mat,0.00311656346045
Dog_2_test_segment_0020.mat,0.072822103127
Dog_4_test_segment_0554.mat,9.68876428022e-05
Dog_2_test_segment_0149.mat,0.000800906615884
Dog_2_test_segment_0430.mat,0.0326359281267
Dog_2_test_segment_0708.mat,0.00135065430742
Dog_3_test_segment_0528.mat,0.00190152490213
Dog_4_test_segment_0153.mat,0.659582008691
Dog_2_test_segment_0809.mat,0.0111240601549
Dog_3_test_segment_0339.mat,0.00917351045834
Dog_2_test_segment_0879.mat,0.0330902362641
Dog_4_test_segment_0419.mat,5.61178297804e-05
Dog_1_test_segment_0242.mat,0.00716986992932
Dog_3_test_segment_0780.mat,0.0301066839776
Dog_4_test_segment_0704.mat,0.00355469497053
Dog_4_test_segment_0490.mat,2.85823716087e-05
Dog_2_test_segment_0361.mat,0.0875207443103
Dog_3_test_segment_0738.mat,0.00889268472604
Dog_4_test_segment_0167.mat,0.000648092918355
Dog_1_test_segment_0054.mat,0.0389878367278
Patient_2_test_segment_0036.mat,0.538443851504
Dog_2_test_segment_0524.mat,0.107165830731
Dog_3_test_segment_0717.mat,0.00507251401086
Dog_5_test_segment_0058.mat,0.00114325468839
Dog_4_test_segment_0348.mat,0.0706080784331
Dog_4_test_segment_0686.mat,0.00131653915654
Dog_4_test_segment_0639.mat,0.00300837855612
Dog_2_test_segment_0841.mat,0.033638017923
Dog_2_test_segment_0286.mat,0.00274148544171
Dog_3_test_segment_0582.mat,0.205455732503
Dog_1_test_segment_0365.mat,0.00303523667102
Dog_2_test_segment_0775.mat,0.107867857839
Dog_5_test_segment_0182.mat,0.00114398145361
Dog_4_test_segment_0769.mat,0.32344217674
Dog_2_test_segment_0651.mat,0.0100590819658
Dog_2_test_segment_0823.mat,0.126579822392
Dog_2_test_segment_0272.mat,0.171526881037
Dog_3_test_segment_0902.mat,0.00324000041888
Dog_3_test_segment_0180.mat,0.0149433995373
Dog_2_test_segment_0644.mat,0.044574683321
Dog_3_test_segment_0644.mat,0.00149849156899
Dog_5_test_segment_0104.mat,0.00114398145359
Dog_3_test_segment_0776.mat,0.268512394046
Dog_2_test_segment_0566.mat,0.0349532987873
Dog_4_test_segment_0059.mat,0.460383754965
Dog_3_test_segment_0842.mat,0.367432030046
Dog_3_test_segment_0679.mat,0.0610701736982
Dog_4_test_segment_0651.mat,1.52948703244e-05
Dog_4_test_segment_0547.mat,0.000367030840003
Dog_5_test_segment_0144.mat,1.73642114745e-05
Dog_1_test_segment_0016.mat,0.00316821492451
Dog_4_test_segment_0399.mat,0.00468871139829
Dog_4_test_segment_0506.mat,5.67956810269e-05
Dog_3_test_segment_0885.mat,0.079211442967
Dog_2_test_segment_0146.mat,0.902884167605
Patient_2_test_segment_0005.mat,0.538444101947
Dog_4_test_segment_0860.mat,0.00133443637296
Dog_1_test_segment_0310.mat,0.37881358297
Dog_4_test_segment_0929.mat,0.0215846735906
Dog_4_test_segment_0290.mat,0.0028586112016
Patient_1_test_segment_0084.mat,0.0606049014794
Dog_5_test_segment_0169.mat,5.88826079913e-05
Dog_2_test_segment_0701.mat,0.0487209387004
Dog_4_test_segment_0448.mat,0.0736895626109
Dog_2_test_segment_0625.mat,0.0247847311756
Dog_2_test_segment_0098.mat,0.000506291604717
Patient_2_test_segment_0098.mat,0.539660208166
Dog_2_test_segment_0117.mat,0.167644385069
Dog_2_test_segment_0434.mat,0.0687156227974
Dog_3_test_segment_0527.mat,0.703393918354
Dog_4_test_segment_0175.mat,0.151645933108
Dog_1_test_segment_0489.mat,0.0311026296639
Dog_4_test_segment_0976.mat,0.483314197422
Dog_4_test_segment_0210.mat,0.0469388675638
Dog_2_test_segment_0415.mat,0.0039485102128
Dog_2_test_segment_0757.mat,0.0046735493161
Dog_1_test_segment_0394.mat,0.000613550824196
Patient_2_test_segment_0127.mat,0.5376712394
Dog_2_test_segment_0359.mat,0.052510597566
Dog_3_test_segment_0703.mat,0.0105125135768
Dog_2_test_segment_0323.mat,0.112392408611
Dog_3_test_segment_0800.mat,0.0052133744371
Dog_4_test_segment_0382.mat,0.000258293998786
Dog_3_test_segment_0659.mat,0.125586866589
Dog_1_test_segment_0355.mat,0.00359075585179
Dog_2_test_segment_0152.mat,0.614075559363
Patient_1_test_segment_0023.mat,0.642545784855
Dog_3_test_segment_0014.mat,0.0401344802191
Dog_1_test_segment_0257.mat,0.0100606236674
Patient_1_test_segment_0087.mat,0.926753693266
Patient_2_test_segment_0074.mat,0.537121109974
Dog_3_test_segment_0435.mat,0.00271057661929
Dog_4_test_segment_0098.mat,0.167634027538
Dog_4_test_segment_0579.mat,4.60673405186e-05
Dog_1_test_segment_0037.mat,0.00498138183594
Dog_3_test_segment_0314.mat,0.020135206511
Dog_2_test_segment_0631.mat,0.0865188501965
Dog_3_test_segment_0064.mat,0.672891938493
Dog_1_test_segment_0270.mat,0.000755707832372
Dog_5_test_segment_0118.mat,0.000217838826689
Dog_4_test_segment_0578.mat,0.0238099550137
Dog_2_test_segment_0749.mat,0.0656133214928
Dog_3_test_segment_0349.mat,0.0198381541651
Dog_3_test_segment_0742.mat,0.0214519290482
Dog_1_test_segment_0147.mat,0.230941813351
Dog_4_test_segment_0073.mat,1.81162088536e-05
Dog_3_test_segment_0753.mat,0.231132911643
Dog_2_test_segment_0102.mat,0.000996023197679
Dog_2_test_segment_0484.mat,0.0205182066243
Dog_1_test_segment_0222.mat,0.327527275882
Dog_3_test_segment_0489.mat,0.417195621052
Dog_4_test_segment_0635.mat,0.0151046220214
Dog_3_test_segment_0401.mat,0.0733783918989
Dog_3_test_segment_0790.mat,0.00403072515936
Dog_3_test_segment_0455.mat,0.00208927102919
Dog_5_test_segment_0084.mat,0.00114398145606
Dog_1_test_segment_0210.mat,0.0817743689434
Dog_1_test_segment_0450.mat,0.843072131538
Dog_3_test_segment_0594.mat,0.159315105147
Dog_4_test_segment_0385.mat,0.128801607116
Dog_2_test_segment_0112.mat,0.0341587990497
Dog_2_test_segment_0014.mat,0.00404364583792
Dog_1_test_segment_0268.mat,0.308983125372
Patient_1_test_segment_0127.mat,0.802192791117
Dog_3_test_segment_0709.mat,0.0134071479165
Dog_4_test_segment_0116.mat,8.25060667013e-06
Dog_1_test_segment_0384.mat,0.790483150839
Dog_1_test_segment_0121.mat,0.566855613658
Dog_4_test_segment_0266.mat,0.00044544093909
Dog_4_test_segment_0701.mat,0.0933540367417
Dog_4_test_segment_0528.mat,0.00336980015522
Dog_1_test_segment_0465.mat,0.0809777202154
Dog_3_test_segment_0230.mat,0.0918667056901
Dog_1_test_segment_0226.mat,0.00011687608737
Dog_2_test_segment_0827.mat,0.0088727010639
Dog_3_test_segment_0389.mat,0.32787278708
Dog_5_test_segment_0051.mat,0.00123326959262
Dog_3_test_segment_0796.mat,0.00353342675866
Dog_2_test_segment_0821.mat,0.0270291785301
Dog_4_test_segment_0119.mat,2.00804886687e-05
Dog_2_test_segment_0158.mat,0.154746434953
Dog_4_test_segment_0905.mat,0.00524378576137
Dog_5_test_segment_0120.mat,0.00105658761263
Dog_1_test_segment_0233.mat,0.0109194632192
Dog_3_test_segment_0670.mat,0.00332576490451
Dog_2_test_segment_0070.mat,0.000862685885843
Dog_1_test_segment_0205.mat,0.016816892051
Dog_3_test_segment_0860.mat,0.186179000072
Patient_2_test_segment_0137.mat,0.605909338691
Dog_3_test_segment_0091.mat,0.191863486673
Dog_2_test_segment_0798.mat,0.0039291237045
Dog_5_test_segment_0187.mat,0.00114398145378
Dog_2_test_segment_0003.mat,0.0352731159193
Dog_3_test_segment_0728.mat,0.85727574702
Dog_3_test_segment_0671.mat,0.0969719920113
Dog_2_test_segment_0110.mat,0.0268291001322
Dog_4_test_segment_0381.mat,0.000293244306916
Dog_3_test_segment_0555.mat,0.00173604891612
Dog_3_test_segment_0170.mat,0.0411668619648
Dog_4_test_segment_0903.mat,0.000537966064254
Dog_1_test_segment_0220.mat,0.228762472431
Dog_5_test_segment_0019.mat,2.80567487644e-05
Dog_4_test_segment_0349.mat,4.91710266804e-05
Dog_4_test_segment_0158.mat,0.000429913332203
Dog_2_test_segment_0740.mat,0.0587958401263
Dog_2_test_segment_0422.mat,0.0274978792646
Dog_3_test_segment_0643.mat,0.00721571840358
Dog_4_test_segment_0975.mat,0.153744273203
Dog_5_test_segment_0074.mat,0.00114398145359
Dog_4_test_segment_0063.mat,0.000348904651346
Dog_3_test_segment_0264.mat,0.00298254683455
Dog_1_test_segment_0323.mat,0.0493692236331
Dog_4_test_segment_0346.mat,1.34215085123e-05
Dog_3_test_segment_0471.mat,0.00443186038535
Dog_3_test_segment_0040.mat,0.00473147812636
Dog_1_test_segment_0219.mat,0.0714772323681
Dog_2_test_segment_0532.mat,0.0303108835136
Dog_2_test_segment_0961.mat,0.00163501360123
Dog_4_test_segment_0937.mat,0.00733710838803
Dog_3_test_segment_0867.mat,0.11744729877
Dog_4_test_segment_0961.mat,0.00288202334143
Dog_2_test_segment_0723.mat,0.258025095807
Dog_2_test_segment_0183.mat,0.0850067687882
Dog_4_test_segment_0733.mat,0.0050701032789
Patient_2_test_segment_0111.mat,0.538444098452
Dog_2_test_segment_0885.mat,0.0268686126538
Dog_2_test_segment_0057.mat,0.062450422404
Dog_4_test_segment_0558.mat,0.0189687310665
Dog_4_test_segment_0661.mat,0.00213956121294
Dog_3_test_segment_0090.mat,0.00769565035489
Dog_3_test_segment_0227.mat,0.00625522721338
Dog_2_test_segment_0859.mat,0.0265452165929
Dog_1_test_segment_0338.mat,0.0426869171659
Patient_1_test_segment_0108.mat,0.5
Dog_2_test_segment_0366.mat,0.0102195579242
Dog_4_test_segment_0563.mat,0.00394919722534
Dog_1_test_segment_0047.mat,0.0607686712646
Patient_2_test_segment_0019.mat,0.538440423507
Dog_4_test_segment_0219.mat,0.000684304138926
Dog_1_test_segment_0229.mat,0.000807817890566
Dog_4_test_segment_0196.mat,9.49025432783e-05
Dog_2_test_segment_0889.mat,0.0326777693756
Patient_1_test_segment_0022.mat,0.131527849451
Dog_3_test_segment_0411.mat,0.183517997569
Dog_3_test_segment_0778.mat,0.00261904003835
Dog_2_test_segment_0830.mat,0.0013418126385
Patient_1_test_segment_0088.mat,0.78494271238
Dog_3_test_segment_0836.mat,0.00780512146123
Dog_2_test_segment_0741.mat,0.0021401776698
Dog_2_test_segment_0485.mat,0.000225390850806
Dog_4_test_segment_0479.mat,6.21630013672e-06
Dog_2_test_segment_0569.mat,0.304500996494
Dog_4_test_segment_0720.mat,0.620975685722
Dog_4_test_segment_0080.mat,0.00705240600521
Dog_4_test_segment_0756.mat,0.00138500545025
Dog_2_test_segment_0119.mat,0.00606534841234
Dog_1_test_segment_0063.mat,0.0123925614663
Dog_2_test_segment_0116.mat,0.359630937947
Dog_2_test_segment_0641.mat,0.602748768822
Dog_3_test_segment_0286.mat,0.00689239668556
Dog_2_test_segment_0909.mat,0.00710012912914
Dog_4_test_segment_0487.mat,0.000540571567742
Dog_3_test_segment_0447.mat,0.00185933729292
Patient_1_test_segment_0060.mat,0.697433215736
Dog_2_test_segment_0487.mat,0.0670395159997
Patient_2_test_segment_0114.mat,0.538444101214
Dog_5_test_segment_0044.mat,0.00114398144925
Dog_1_test_segment_0330.mat,0.00111996094783
Dog_1_test_segment_0460.mat,0.00223473670182
Dog_4_test_segment_0867.mat,0.00206223869942
Patient_1_test_segment_0056.mat,0.641067987562
Patient_1_test_segment_0079.mat,0.216307991564
Dog_4_test_segment_0071.mat,1.14813404175e-05
Dog_4_test_segment_0772.mat,0.00179483017028
Dog_5_test_segment_0127.mat,0.000237898906339
Dog_2_test_segment_0998.mat,0.039691562303
Dog_4_test_segment_0927.mat,0.0161678850479
Patient_2_test_segment_0115.mat,0.538444101947
Dog_3_test_segment_0345.mat,0.767600503913
Patient_2_test_segment_0022.mat,0.538444101947
Dog_3_test_segment_0246.mat,0.0959932154722
Dog_2_test_segment_0405.mat,0.0132206840895
Dog_1_test_segment_0201.mat,0.0188955397205
Dog_2_test_segment_0505.mat,0.197926629488
Dog_3_test_segment_0138.mat,0.00181070300378
Dog_1_test_segment_0253.mat,0.00195521752473
Patient_1_test_segment_0009.mat,0.805607792085
Dog_4_test_segment_0347.mat,0.004929201234
Dog_1_test_segment_0025.mat,0.0601415767875
Dog_1_test_segment_0284.mat,0.00154400671959
Dog_3_test_segment_0526.mat,0.00525388361566
Dog_2_test_segment_0845.mat,0.225073217782
Dog_4_test_segment_0785.mat,0.000195403016406
Dog_4_test_segment_0031.mat,0.368687717192
Dog_2_test_segment_0552.mat,0.00916101898322
Dog_4_test_segment_0566.mat,0.00102548952861
Dog_3_test_segment_0084.mat,0.0030313294904
Dog_4_test_segment_0953.mat,0.0859591247417
Dog_4_test_segment_0504.mat,0.000747431739078
Dog_2_test_segment_0907.mat,0.0581433987794
Dog_2_test_segment_0217.mat,0.00220304063715
Dog_4_test_segment_0615.mat,0.000211550758409
Patient_2_test_segment_0123.mat,0.750647921833
Dog_2_test_segment_0016.mat,0.00415805625735
Dog_3_test_segment_0585.mat,0.00256606490226
Dog_3_test_segment_0669.mat,0.00172239276335
Patient_1_test_segment_0052.mat,0.870318271346
Dog_1_test_segment_0179.mat,0.00245534071279
Dog_1_test_segment_0344.mat,0.0391859396216
Dog_2_test_segment_0136.mat,0.265146492562
Dog_3_test_segment_0428.mat,0.00172931785742
Dog_1_test_segment_0142.mat,0.0823562138974
Dog_3_test_segment_0476.mat,0.231459931862
Dog_4_test_segment_0853.mat,0.589345779441
Dog_4_test_segment_0786.mat,0.00104058647347
Dog_3_test_segment_0628.mat,0.00330940853786
Dog_4_test_segment_0056.mat,0.000175919341438
Dog_2_test_segment_0743.mat,0.00611027689416
Dog_3_test_segment_0586.mat,0.208950430506
Dog_2_test_segment_0227.mat,0.0500938130697
Dog_3_test_segment_0351.mat,0.00980405728825
Dog_4_test_segment_0764.mat,0.000274374125354
Dog_3_test_segment_0603.mat,0.0125539859763
Dog_1_test_segment_0216.mat,0.011662388145
Dog_2_test_segment_0934.mat,0.20828531743
Dog_3_test_segment_0748.mat,0.0174567918927
Dog_3_test_segment_0390.mat,0.00169094963844
Dog_2_test_segment_0992.mat,0.00514949017498
Dog_2_test_segment_0356.mat,0.0155654289968
Dog_4_test_segment_0761.mat,0.00376476120409
Dog_4_test_segment_0480.mat,0.0736132664948
Dog_4_test_segment_0643.mat,0.0069201036618
Dog_2_test_segment_0456.mat,0.00130111657758
Dog_1_test_segment_0274.mat,0.739852055875
Dog_4_test_segment_0544.mat,0.00207424885819
Dog_3_test_segment_0636.mat,0.0105819546069
Dog_2_test_segment_0241.mat,0.0080574220201
Dog_4_test_segment_0951.mat,0.000212612484912
Dog_4_test_segment_0823.mat,0.0283217023776
Dog_4_test_segment_0258.mat,0.0873877372126
Dog_4_test_segment_0849.mat,0.00215781323776
Dog_5_test_segment_0081.mat,0.00114398145359
Dog_1_test_segment_0073.mat,0.000987205697022
Dog_3_test_segment_0569.mat,0.760944802898
Dog_1_test_segment_0429.mat,0.542397789968
Dog_4_test_segment_0025.mat,0.4149301917
Dog_1_test_segment_0013.mat,0.317357137483
Dog_1_test_segment_0292.mat,0.0174078760372
Dog_3_test_segment_0328.mat,0.0100545176162
Dog_2_test_segment_0770.mat,0.00700780619466
Dog_3_test_segment_0288.mat,0.00367946549385
Dog_2_test_segment_0466.mat,0.289208331211
Dog_2_test_segment_0032.mat,0.00858390153112
Dog_4_test_segment_0115.mat,0.000219590280396
Dog_4_test_segment_0925.mat,0.687767724329
Dog_2_test_segment_0751.mat,0.00163464029871
Dog_2_test_segment_0561.mat,0.0409526726182
Dog_3_test_segment_0749.mat,0.00186851059416
Dog_4_test_segment_0868.mat,5.31016823097e-05
Dog_4_test_segment_0502.mat,0.000237545137229
Patient_2_test_segment_0008.mat,0.22000280759
Dog_4_test_segment_0573.mat,0.00154668779806
Dog_3_test_segment_0530.mat,0.00302732714341
Dog_4_test_segment_0147.mat,3.59095534937e-05
Dog_2_test_segment_0669.mat,0.0121248212948
Dog_4_test_segment_0053.mat,0.00012947732182
Dog_2_test_segment_0589.mat,0.423333630761
Dog_3_test_segment_0453.mat,0.0211013589755
Dog_4_test_segment_0696.mat,9.13437164249e-05
Dog_2_test_segment_0711.mat,0.025291321489
Dog_2_test_segment_0447.mat,0.086845521955
Dog_3_test_segment_0050.mat,0.0704122300604
Dog_4_test_segment_0425.mat,0.00245870619295
Dog_4_test_segment_0656.mat,0.00016380967079
Dog_1_test_segment_0426.mat,0.00130354033218
Dog_1_test_segment_0297.mat,0.00167944211814
Dog_1_test_segment_0030.mat,0.0125134153972
Dog_4_test_segment_0571.mat,0.907494696616
Dog_2_test_segment_0577.mat,0.0150233102527
Dog_3_test_segment_0449.mat,0.00281043291038
Patient_1_test_segment_0047.mat,0.880816093106
Dog_2_test_segment_0542.mat,0.00241350802705
Dog_4_test_segment_0477.mat,0.0446871750821
Dog_3_test_segment_0637.mat,0.165462030125
Dog_4_test_segment_0595.mat,0.000299078266881
Dog_2_test_segment_0355.mat,0.00130048029327
Dog_4_test_segment_0739.mat,6.75048361154e-05
Dog_1_test_segment_0020.mat,0.103007523116
Dog_5_test_segment_0186.mat,0.000106830868464
Dog_1_test_segment_0471.mat,0.00574725840865
Dog_5_test_segment_0170.mat,4.83969077285e-05
Patient_2_test_segment_0131.mat,0.538444101947
Dog_4_test_segment_0102.mat,0.000814086504447
Dog_2_test_segment_0089.mat,0.0157362068097
Dog_3_test_segment_0809.mat,0.0279620091333
Dog_2_test_segment_0684.mat,0.528366761703
Dog_2_test_segment_0301.mat,0.177590331335
Dog_4_test_segment_0216.mat,1.21161147443e-06
Dog_3_test_segment_0807.mat,0.00180210533251
Dog_2_test_segment_0666.mat,0.0133398743012
Dog_4_test_segment_0280.mat,0.0166716493438
Patient_2_test_segment_0132.mat,0.534060252134
Dog_4_test_segment_0222.mat,0.00516231966673
Dog_3_test_segment_0494.mat,0.393894194333
Dog_3_test_segment_0408.mat,0.494947691096
Dog_4_test_segment_0467.mat,0.0138403885556
Patient_1_test_segment_0144.mat,0.630139039165
Patient_2_test_segment_0070.mat,0.538444057654
Dog_3_test_segment_0892.mat,0.873419009893
Dog_2_test_segment_0630.mat,0.011841826502
Patient_2_test_segment_0058.mat,0.53844411001
Dog_5_test_segment_0168.mat,0.00114398145359
Dog_4_test_segment_0520.mat,0.00242983253846
Dog_1_test_segment_0232.mat,0.00412601026764
Dog_3_test_segment_0299.mat,0.0402988078333
Dog_3_test_segment_0837.mat,0.0021332506162
Dog_1_test_segment_0180.mat,0.03487912819
Dog_4_test_segment_0070.mat,0.000265900846975
Dog_2_test_segment_0474.mat,0.139912176614
Dog_2_test_segment_0514.mat,0.00872759496339
Dog_4_test_segment_0466.mat,0.00363291063993
Patient_1_test_segment_0100.mat,0.09223166027
Dog_1_test_segment_0134.mat,0.720103009786
Dog_2_test_segment_0437.mat,0.0257497493044
Dog_4_test_segment_0958.mat,8.47020795792e-05
Dog_1_test_segment_0024.mat,0.00186522324941
Dog_3_test_segment_0713.mat,0.594297752641
Dog_2_test_segment_0509.mat,0.114790242718
Dog_2_test_segment_0399.mat,0.0855785607766
Dog_4_test_segment_0805.mat,0.0250171732365
Dog_3_test_segment_0661.mat,0.803421008478
Dog_4_test_segment_0171.mat,0.000281067400258
Dog_2_test_segment_0833.mat,0.00246737430135
Dog_2_test_segment_0172.mat,0.156611626157
Dog_1_test_segment_0146.mat,0.00418199057608
Dog_1_test_segment_0499.mat,0.0035407850979
Dog_5_test_segment_0189.mat,0.00114398144718
Dog_3_test_segment_0282.mat,0.000882027891991
Dog_4_test_segment_0901.mat,0.0914069767392
Dog_4_test_segment_0692.mat,0.112839293872
Dog_4_test_segment_0882.mat,0.0691586957046
Dog_4_test_segment_0229.mat,0.000198968863421
Dog_2_test_segment_0849.mat,0.0114721777517
Dog_3_test_segment_0621.mat,0.0200297828448
Dog_4_test_segment_0891.mat,0.00581939986917
Dog_3_test_segment_0504.mat,0.618134671666
Dog_2_test_segment_0296.mat,0.05603960355
Dog_3_test_segment_0597.mat,0.0617382805642
Dog_2_test_segment_0601.mat,0.00163218440188
Dog_2_test_segment_0672.mat,0.014759916888
Dog_3_test_segment_0011.mat,0.274294879255
Dog_3_test_segment_0234.mat,0.0814487598493
Dog_3_test_segment_0874.mat,0.419299660517
Dog_3_test_segment_0412.mat,0.00428836611611
Dog_2_test_segment_0533.mat,0.00407455113825
Dog_4_test_segment_0637.mat,0.00134153449801
Dog_2_test_segment_0378.mat,0.0883424817493
Dog_3_test_segment_0650.mat,0.00183001439149
Dog_2_test_segment_0789.mat,0.00116362413021
Dog_4_test_segment_0285.mat,2.14128862865e-05
Patient_2_test_segment_0026.mat,0.538444100476
Dog_3_test_segment_0665.mat,0.269197662325
Dog_1_test_segment_0075.mat,0.41753339979
Dog_4_test_segment_0955.mat,0.00227518645121
Dog_3_test_segment_0668.mat,0.00223330872947
Dog_5_test_segment_0088.mat,0.00114453181049
Dog_2_test_segment_0178.mat,0.00179783736605
Patient_1_test_segment_0185.mat,0.230103994255
Dog_4_test_segment_0796.mat,0.07790947162
Dog_2_test_segment_0895.mat,0.00145125300529
Patient_1_test_segment_0085.mat,0.844514255549
Dog_3_test_segment_0895.mat,0.00905254592887
Dog_4_test_segment_0241.mat,0.000448722595453
Dog_3_test_segment_0223.mat,0.00242915306345
Dog_1_test_segment_0156.mat,0.0177722672164
Dog_4_test_segment_0483.mat,0.000496309173141
Dog_4_test_segment_0112.mat,0.000410323958473
Dog_2_test_segment_0980.mat,0.0781254155117
Dog_1_test_segment_0096.mat,0.0163782119574
Dog_2_test_segment_0873.mat,0.00796435202491
Dog_4_test_segment_0076.mat,3.43338867121e-05
Dog_2_test_segment_0109.mat,0.227468931847
Dog_4_test_segment_0652.mat,0.00168012573421
Dog_2_test_segment_0105.mat,0.00749512855004
Dog_3_test_segment_0757.mat,0.0137078408584
Dog_3_test_segment_0081.mat,0.00430642244318
Dog_4_test_segment_0831.mat,0.0788982238012
Dog_2_test_segment_0246.mat,0.00749702598707
Dog_1_test_segment_0356.mat,0.000675065598222
Dog_4_test_segment_0062.mat,4.01519433709e-06
Patient_1_test_segment_0043.mat,0.802343695844
Patient_1_test_segment_0089.mat,0.754711474545
Dog_1_test_segment_0416.mat,0.189618329094
Dog_2_test_segment_0053.mat,0.00322449719848
Dog_2_test_segment_0225.mat,0.00383679443934
Dog_2_test_segment_0122.mat,0.0784566312023
Dog_3_test_segment_0188.mat,0.054984293465
Dog_2_test_segment_0388.mat,0.0960299290314
Dog_4_test_segment_0610.mat,0.04076852636
Dog_2_test_segment_0345.mat,0.297252932517
Dog_1_test_segment_0145.mat,0.524874280608
Dog_4_test_segment_0319.mat,0.0912247784828
Dog_1_test_segment_0469.mat,0.00733940487862
Dog_3_test_segment_0343.mat,0.0191670464852
Dog_3_test_segment_0712.mat,0.200940705191
Dog_2_test_segment_0184.mat,0.0788220950696
Patient_1_test_segment_0165.mat,0.784952596928
Dog_3_test_segment_0433.mat,0.104307237486
Dog_3_test_segment_0620.mat,0.943184210825
Dog_5_test_segment_0030.mat,3.78066682246e-05
Dog_4_test_segment_0035.mat,0.017462082345
Patient_2_test_segment_0049.mat,0.544032250225
Dog_2_test_segment_0900.mat,0.00493215314813
Dog_4_test_segment_0015.mat,0.00122945638297
Dog_1_test_segment_0108.mat,0.250641721679
Dog_2_test_segment_0667.mat,0.0102298077945
Dog_2_test_segment_0752.mat,0.056036411358
Dog_2_test_segment_0196.mat,0.00030034622139
Dog_2_test_segment_0901.mat,0.0266235670667
Patient_1_test_segment_0024.mat,0.97285067403
Dog_3_test_segment_0394.mat,0.0943193256821
Dog_4_test_segment_0036.mat,0.199770906022
Dog_4_test_segment_0718.mat,0.0230900325869
Dog_5_test_segment_0021.mat,0.00114398150673
Dog_1_test_segment_0379.mat,0.000220177044377
Dog_3_test_segment_0823.mat,0.00932796344065
Dog_3_test_segment_0269.mat,0.0247215375697
Dog_3_test_segment_0252.mat,0.0152978531024
Dog_1_test_segment_0085.mat,0.0478118656126
Dog_3_test_segment_0410.mat,0.320870151892
Dog_2_test_segment_0300.mat,0.00074183849039
Dog_2_test_segment_0401.mat,0.080592528492
Patient_2_test_segment_0106.mat,0.538372925517
Dog_3_test_segment_0250.mat,0.00183936212105
Dog_3_test_segment_0746.mat,0.00288080011805
Dog_5_test_segment_0122.mat,4.09142021654e-06
Dog_1_test_segment_0403.mat,0.0204964763163
Dog_2_test_segment_0665.mat,0.00827353978074
Dog_4_test_segment_0060.mat,0.000124814049779
Dog_2_test_segment_0019.mat,0.14694607481
Dog_1_test_segment_0263.mat,0.148537016456
Dog_2_test_segment_0671.mat,0.00107519832374
Dog_3_test_segment_0010.mat,0.00190428967884
Dog_2_test_segment_0940.mat,0.00996614544236
Dog_2_test_segment_0835.mat,0.031859195498
Dog_3_test_segment_0614.mat,0.0021360231594
Patient_1_test_segment_0131.mat,0.07873756742
Dog_3_test_segment_0195.mat,0.53295866523
Dog_3_test_segment_0783.mat,0.00313334170332
Dog_3_test_segment_0020.mat,0.00549316984451
Dog_1_test_segment_0378.mat,0.354650058036
Dog_3_test_segment_0598.mat,0.00330993483662
Patient_2_test_segment_0034.mat,0.538450607929
Patient_2_test_segment_0092.mat,0.538444101947
Patient_2_test_segment_0148.mat,0.531259881571
Dog_4_test_segment_0552.mat,0.000194147123665
Dog_4_test_segment_0597.mat,0.00480225959145
Dog_4_test_segment_0117.mat,4.11345576188e-05
Dog_1_test_segment_0152.mat,0.00457089337242
Dog_3_test_segment_0413.mat,0.0348613517272
Patient_1_test_segment_0195.mat,0.568745839895
Dog_1_test_segment_0214.mat,0.0221287902691
Dog_2_test_segment_0834.mat,0.00915385130889
Dog_4_test_segment_0782.mat,3.6658944297e-05
Dog_2_test_segment_0636.mat,0.0614425088191
Dog_3_test_segment_0838.mat,0.0900227650174
Dog_2_test_segment_0762.mat,0.0133265498699
Dog_4_test_segment_0856.mat,0.00161599175748
Dog_1_test_segment_0476.mat,0.00297757429983
Dog_3_test_segment_0633.mat,0.0239598019001
Dog_3_test_segment_0782.mat,0.637691460198
Dog_3_test_segment_0122.mat,0.00518921365271
Dog_5_test_segment_0086.mat,0.000286236885197
Dog_3_test_segment_0220.mat,0.0027073819789
Dog_3_test_segment_0538.mat,0.00167086393886
Dog_4_test_segment_0475.mat,0.615582454938
Dog_1_test_segment_0328.mat,0.0129209064049
Patient_1_test_segment_0036.mat,0.412225020422
Dog_2_test_segment_0964.mat,0.00516768545612
Dog_1_test_segment_0449.mat,0.00877589577616
Dog_3_test_segment_0719.mat,0.00698001005682
Dog_3_test_segment_0306.mat,0.372319327663
Dog_3_test_segment_0376.mat,0.0171114483212
Dog_3_test_segment_0277.mat,0.339309657908
Dog_3_test_segment_0741.mat,0.911666981348
Dog_3_test_segment_0571.mat,0.00775374684123
Dog_3_test_segment_0353.mat,0.657477122557
Dog_1_test_segment_0099.mat,0.00496500212529
Dog_3_test_segment_0894.mat,0.536001951095
Dog_4_test_segment_0906.mat,0.0113686384262
Patient_1_test_segment_0005.mat,0.858239452058
Dog_3_test_segment_0811.mat,0.810381104112
Dog_5_test_segment_0152.mat,0.000111639886914
Dog_4_test_segment_0909.mat,0.00516010686837
Patient_1_test_segment_0189.mat,0.115910170208
Dog_4_test_segment_0779.mat,0.00968373280169
Dog_2_test_segment_0121.mat,0.00402623604552
Dog_2_test_segment_0815.mat,0.00235810926612
Dog_1_test_segment_0295.mat,0.303600598916
Dog_1_test_segment_0011.mat,0.121135114803
Dog_4_test_segment_0012.mat,3.06194640205e-05
Dog_3_test_segment_0109.mat,0.0127694219727
Dog_4_test_segment_0985.mat,0.00633746769508
Dog_2_test_segment_0635.mat,0.0633849249305
Dog_1_test_segment_0109.mat,0.00707467194063
Dog_2_test_segment_0904.mat,0.00856396649162
Dog_2_test_segment_0874.mat,0.000407149303454
Dog_2_test_segment_0214.mat,0.016491696924
Dog_3_test_segment_0505.mat,0.0172477276041
Dog_1_test_segment_0306.mat,0.0195243818365
Dog_2_test_segment_0353.mat,0.129047883581
Dog_1_test_segment_0213.mat,0.0942370674661
Dog_4_test_segment_0936.mat,0.256372868984
Dog_3_test_segment_0062.mat,0.149749515733
Dog_1_test_segment_0434.mat,0.00756642767835
Dog_1_test_segment_0410.mat,0.00251256113382
Dog_3_test_segment_0200.mat,0.00162681641467
Dog_4_test_segment_0740.mat,0.0828781190641
Dog_1_test_segment_0445.mat,0.00355004186176
Dog_3_test_segment_0112.mat,0.00766769548138
Dog_2_test_segment_0853.mat,0.00588469673188
Dog_4_test_segment_0173.mat,5.41156371541e-06
Dog_1_test_segment_0058.mat,0.00798405634803
Dog_3_test_segment_0833.mat,0.0249942077053
Dog_2_test_segment_0784.mat,0.00218451903008
Dog_2_test_segment_0066.mat,0.0501513056668
Dog_3_test_segment_0080.mat,0.265078587061
Dog_4_test_segment_0254.mat,0.00723577158757
Dog_3_test_segment_0318.mat,0.0019951859783
Dog_4_test_segment_0316.mat,0.000640701438106
Dog_3_test_segment_0710.mat,0.0779533620345
Dog_4_test_segment_0351.mat,0.00270389021879
Dog_4_test_segment_0633.mat,0.00130755763652
Dog_4_test_segment_0899.mat,0.0258545106808
Dog_4_test_segment_0452.mat,0.0952741464242
Dog_3_test_segment_0362.mat,0.765409972589
Dog_2_test_segment_0886.mat,0.0284575303189
Patient_2_test_segment_0047.mat,0.538444101947
Dog_4_test_segment_0744.mat,0.000525688759967
Dog_3_test_segment_0114.mat,0.00330095140921
Dog_4_test_segment_0747.mat,0.00183842987471
Dog_4_test_segment_0928.mat,0.000808464845118
Dog_2_test_segment_0275.mat,0.0171911127547
Dog_3_test_segment_0097.mat,0.029084295591
Dog_3_test_segment_0602.mat,0.00792299735973
Dog_4_test_segment_0702.mat,5.83157230032e-05
Dog_4_test_segment_0409.mat,6.69790918646e-06
Dog_3_test_segment_0826.mat,0.0438029074455
Patient_1_test_segment_0008.mat,0.233191710651
Dog_1_test_segment_0050.mat,0.00297177495316
Dog_4_test_segment_0570.mat,0.0090250940995
Dog_4_test_segment_0717.mat,0.000227464488887
Dog_1_test_segment_0206.mat,0.0472188610707
Dog_2_test_segment_0054.mat,0.168029880339
Dog_4_test_segment_0768.mat,0.0829153069385
Dog_4_test_segment_0516.mat,0.00288172146776
Dog_3_test_segment_0872.mat,0.0341368341431
Dog_4_test_segment_0403.mat,0.361423088083
Dog_5_test_segment_0070.mat,0.00114398145359
Dog_4_test_segment_0689.mat,0.107594196362
Dog_3_test_segment_0731.mat,0.00249293554684
Dog_5_test_segment_0023.mat,3.31055936617e-05
Dog_3_test_segment_0027.mat,0.00226584812303
Dog_4_test_segment_0670.mat,0.00703038533909
Dog_4_test_segment_0293.mat,2.78514458262e-06
Dog_1_test_segment_0014.mat,0.00101383992324
Dog_2_test_segment_0867.mat,0.0124412372006
Dog_3_test_segment_0189.mat,0.00692890095384
Dog_2_test_segment_0560.mat,0.0366227944324
Dog_3_test_segment_0750.mat,0.573038035012
Dog_2_test_segment_0624.mat,0.0120265643737
Dog_3_test_segment_0906.mat,0.00793017523206
Dog_5_test_segment_0064.mat,1.46631803662e-05
Dog_1_test_segment_0461.mat,0.115941541392
Dog_4_test_segment_0191.mat,0.00194468544154
Dog_1_test_segment_0048.mat,0.0633038941608
Dog_2_test_segment_0435.mat,0.000313156328475
Dog_2_test_segment_0734.mat,0.0397081593327
Dog_5_test_segment_0162.mat,3.39152677641e-05
Dog_4_test_segment_0444.mat,0.313888254404
Dog_3_test_segment_0320.mat,0.0247785074049
Dog_1_test_segment_0381.mat,0.00813677098132
Dog_3_test_segment_0472.mat,0.486796252899
Patient_2_test_segment_0112.mat,0.487922311316
Dog_2_test_segment_0748.mat,0.0948582109412
Dog_1_test_segment_0192.mat,0.00308984442403
Dog_1_test_segment_0235.mat,0.000889945418212
Dog_2_test_segment_0530.mat,0.0174269348182
Dog_3_test_segment_0253.mat,0.099487789362
Dog_3_test_segment_0871.mat,0.00448282010076
Dog_5_test_segment_0135.mat,3.29224623888e-05
Dog_2_test_segment_0979.mat,0.000563677798304
Dog_1_test_segment_0140.mat,0.0121389895813
Dog_4_test_segment_0611.mat,5.27571327376e-05
Dog_2_test_segment_0129.mat,0.089881127349
Dog_3_test_segment_0409.mat,0.0187138527029
Patient_2_test_segment_0076.mat,0.549175048324
Dog_3_test_segment_0772.mat,0.0012488268646
Dog_2_test_segment_0614.mat,0.00163457380559
Dog_2_test_segment_0647.mat,0.00233818554338
Patient_2_test_segment_0028.mat,0.538444101969
Dog_3_test_segment_0267.mat,0.00646477965771
Dog_4_test_segment_0052.mat,0.000297393628665
Dog_4_test_segment_0002.mat,0.103538832502
Dog_3_test_segment_0276.mat,0.710701048924
Dog_3_test_segment_0724.mat,0.0210136962445
Dog_4_test_segment_0439.mat,0.133085531921
Patient_2_test_segment_0066.mat,0.538444081778
Dog_2_test_segment_0750.mat,0.0118021002891
Dog_3_test_segment_0184.mat,0.008088320764
Dog_3_test_segment_0406.mat,0.234383170655
Dog_3_test_segment_0257.mat,0.0267783791463
Dog_4_test_segment_0364.mat,0.000985378630411
Dog_4_test_segment_0114.mat,0.00341262703761
Dog_4_test_segment_0866.mat,1.82058948822e-06
Dog_2_test_segment_0692.mat,0.00611094559601
Dog_4_test_segment_0402.mat,0.00604468757577
Dog_2_test_segment_0888.mat,0.0786770754271
Dog_3_test_segment_0383.mat,0.0194640326966
Dog_3_test_segment_0321.mat,0.00180608157621
Dog_1_test_segment_0396.mat,0.009247510161
Dog_3_test_segment_0646.mat,0.0113793596271
Dog_3_test_segment_0259.mat,0.448185754742
Dog_2_test_segment_0056.mat,0.000167949284167
Dog_4_test_segment_0893.mat,0.0043825777679
Dog_3_test_segment_0696.mat,0.00183802481273
Dog_3_test_segment_0137.mat,0.120035529788
Dog_3_test_segment_0284.mat,0.0133697057003
Dog_2_test_segment_0349.mat,0.00491234954166
Dog_1_test_segment_0010.mat,0.000824445887622
Dog_3_test_segment_0316.mat,0.0205319414439
Dog_5_test_segment_0046.mat,0.000486928774214
Dog_5_test_segment_0141.mat,0.00114398145359
Dog_3_test_segment_0625.mat,0.196127121413
Dog_2_test_segment_0864.mat,0.000318417076254
Dog_1_test_segment_0261.mat,0.837738898268
Dog_5_test_segment_0032.mat,0.0011439814536
Dog_4_test_segment_0921.mat,0.327980222204
Dog_3_test_segment_0209.mat,0.158865873003
Dog_4_test_segment_0077.mat,0.622686253279
Dog_2_test_segment_0989.mat,0.0138482086887
Dog_4_test_segment_0965.mat,0.00148973848395
Dog_2_test_segment_0658.mat,0.000546956323765
Dog_1_test_segment_0459.mat,0.00342283042394
Dog_2_test_segment_0319.mat,0.440296490006
Dog_3_test_segment_0865.mat,0.0990599059594
Dog_3_test_segment_0792.mat,0.00199833034179
Dog_5_test_segment_0117.mat,0.00114398145359
Dog_3_test_segment_0044.mat,0.1867811541
Patient_2_test_segment_0057.mat,0.53844410128
Dog_2_test_segment_0838.mat,0.0182612265568
Dog_5_test_segment_0103.mat,0.000366420899034
Dog_1_test_segment_0388.mat,0.0390700539836
Dog_2_test_segment_0875.mat,0.00588566171196
Dog_2_test_segment_0042.mat,0.00109355344148
Dog_4_test_segment_0084.mat,0.000485671861144
Dog_4_test_segment_0331.mat,0.17515875876
Dog_2_test_segment_0782.mat,0.0162843528807
Dog_3_test_segment_0332.mat,0.00134391812247
Dog_3_test_segment_0587.mat,0.00315580801206
Dog_2_test_segment_0311.mat,0.559689419591
Dog_3_test_segment_0201.mat,0.887718037104
Dog_4_test_segment_0972.mat,0.837781973985
Dog_5_test_segment_0160.mat,0.000445883801933
Dog_3_test_segment_0076.mat,0.0019327635841
Patient_2_test_segment_0099.mat,0.538444100106
Dog_2_test_segment_0127.mat,0.0241206989539
Dog_4_test_segment_0352.mat,0.09757102853
Dog_3_test_segment_0820.mat,0.00591745863557
Dog_1_test_segment_0018.mat,5.20580263345e-05
Dog_1_test_segment_0428.mat,0.00282664278823
Dog_3_test_segment_0330.mat,0.245493728458
Dog_3_test_segment_0653.mat,0.729882837572
Dog_2_test_segment_0913.mat,0.0441553373926
Dog_3_test_segment_0539.mat,0.047259749993
Patient_2_test_segment_0051.mat,0.538444101947
Dog_5_test_segment_0109.mat,0.00122382121037
