Model	Dog_1	Dog_2	Dog_3	Dog_4	Dog_5	Patient_1	Patient_2	all
XT_ica_ampcorrcoef-theta	0.559508264463	0.579291983756	0.715681818182	0.66597805838	0.628468319559	0.822611008273	0.72229338843	0.702699024375
XT_csp_ilingam-causalorder	0.502464876033	0.550068468175	0.500933884298	0.533524056134	0.515168044077	0.587611122538	0.49694214876	0.604045478178
XT_ica_emvar-ePCOH	0.568229338843	0.878947927111	0.748039256198	0.676185843923	0.880595041322	0.816463560949	0.532252066116	0.773534957336
RF_csp_lmom-4	0.568758264463	0.568181349796	0.612169421488	0.6473688385	0.675137741047	0.61785559212	0.506838842975	0.637858442671
RF_ica_phase-alpha-sync	0.539704545455	0.793803410797	0.614983471074	0.650677110931	0.856782369146	0.869993772567	0.431694214876	0.727170382604
RF_ica_emvar-eG	0.532938016529	0.722161871643	0.637454545455	0.668021555042	0.74144077135	0.948913627222	0.472685950413	0.719024145946
RF_ica_ilingam-causalindex	0.508477272727	0.586857058843	0.55155785124	0.454814992552	0.546730027548	0.487338029617	0.422561983471	0.542352968162
XT_ica_FFTcorrcoef	0.483568181818	0.818187931852	0.683386363636	0.633978518274	0.742694214876	0.591918906257	0.527623966942	0.722279184635
XT_csp_emvar-eSphs	0.588179752066	0.898016981803	0.69301446281	0.629881927157	0.833231404959	0.790109808492	0.53944214876	0.765315472367
AB_csp_PSDlogfcorrcoef	0.543004132231	0.873192670932	0.814584710744	0.639868796843	0.894325068871	0.775016854061	0.707520661157	0.669367373154
AB_ica_xcorr-twidth	0.641634297521	0.837819173022	0.655638429752	0.717640542675	0.868966942149	0.622496172129	0.514152892562	0.634829800899
SVC_csp_pib_ratio	0.701123966942	0.951810573257	0.878826446281	0.740786519101	0.840749311295	0.881328842726	0.756239669421	0.837878245711
SVC_csp_phase-alpha-dif	0.629768595041	0.864827025538	0.69920661157	0.664910337289	0.791079889807	0.945048619681	0.594132231405	0.769580389638
XT_csp_phase-theta-sync	0.595882231405	0.748238696021	0.619262396694	0.610351519151	0.851834710744	0.889891562686	0.304276859504	0.720872404196
XT_csp_pib_ratioBB	0.616417355372	0.835486413453	0.779233471074	0.712780393843	0.731760330579	0.90551013529	0.606487603306	0.775387191485
RF_csp_mvar-DC	0.525696280992	0.871802180766	0.710384297521	0.645432017303	0.816355371901	0.772493029846	0.440185950413	0.752721427042
RF_csp_emvar-P	0.550791322314	0.895948342643	0.752386363636	0.675333739906	0.882090909091	0.888139026007	0.69617768595	0.796571168609
RF_ica_lmom-4	0.521373966942	0.566528883936	0.709975206612	0.695760141834	0.637280991736	0.762557703734	0.507871900826	0.672129935468
XT_ica_mvar-ARF	0.514537190083	0.814768319514	0.633588842975	0.644456974896	0.85752892562	0.854839400795	0.505619834711	0.74943748662
XT_ica_ampcorrcoef-theta	0.559508264463	0.579291983756	0.715681818182	0.66597805838	0.628468319559	0.822611008273	0.72229338843	0.702699024375
XT_csp_ilingam-causalorder	0.502464876033	0.550068468175	0.500933884298	0.533524056134	0.515168044077	0.587611122538	0.49694214876	0.604045478178
XT_ica_emvar-ePCOH	0.568229338843	0.878947927111	0.748039256198	0.676185843923	0.880595041322	0.816463560949	0.532252066116	0.773534957336
RF_csp_lmom-4	0.568758264463	0.568181349796	0.612169421488	0.6473688385	0.675137741047	0.61785559212	0.506838842975	0.637858442671
RF_ica_phase-alpha-sync	0.539704545455	0.793803410797	0.614983471074	0.650677110931	0.856782369146	0.869993772567	0.431694214876	0.727170382604
RF_ica_emvar-eG	0.532938016529	0.722161871643	0.637454545455	0.668021555042	0.74144077135	0.948913627222	0.472685950413	0.719024145946
RF_ica_ilingam-causalindex	0.508477272727	0.586857058843	0.55155785124	0.454814992552	0.546730027548	0.487338029617	0.422561983471	0.542352968162
XT_ica_FFTcorrcoef	0.483568181818	0.818187931852	0.683386363636	0.633978518274	0.742694214876	0.591918906257	0.527623966942	0.722279184635
AB_ica_xcorr-twidth	0.641634297521	0.837819173022	0.655638429752	0.717640542675	0.868966942149	0.622496172129	0.514152892562	0.634829800899
XT_csp_emvar-eSphs	0.588179752066	0.898016981803	0.69301446281	0.629881927157	0.833231404959	0.790109808492	0.53944214876	0.765315472367
AB_csp_PSDlogfcorrcoef	0.543004132231	0.873192670932	0.814584710744	0.639868796843	0.894325068871	0.775016854061	0.707520661157	0.669367373154
SVC_csp_pib_ratio	0.701123966942	0.951810573257	0.878826446281	0.740786519101	0.840749311295	0.881328842726	0.756239669421	0.837878245711
XT_csp_phase-theta-sync	0.595882231405	0.748238696021	0.619262396694	0.610351519151	0.851834710744	0.889891562686	0.304276859504	0.720872404196
SVC_csp_phase-alpha-dif	0.629768595041	0.864827025538	0.69920661157	0.664910337289	0.791079889807	0.945048619681	0.594132231405	0.769580389638
XT_csp_pib_ratioBB	0.616417355372	0.835486413453	0.779233471074	0.712780393843	0.731760330579	0.90551013529	0.606487603306	0.775387191485
RF_csp_mvar-DC	0.525696280992	0.871802180766	0.710384297521	0.645432017303	0.816355371901	0.772493029846	0.440185950413	0.752721427042
RF_csp_emvar-P	0.550791322314	0.895948342643	0.752386363636	0.675333739906	0.882090909091	0.888139026007	0.69617768595	0.796571168609
RF_ica_lmom-4	0.521373966942	0.566528883936	0.709975206612	0.695760141834	0.637280991736	0.762557703734	0.507871900826	0.672129935468
XT_ica_mvar-ARF	0.514537190083	0.814768319514	0.633588842975	0.644456974896	0.85752892562	0.854839400795	0.505619834711	0.74943748662
AB_ica_psd_logfBB	0.548376033058	0.912744196747	0.726553719008	0.766075002749	0.785438016529	0.621999120161	0.623450413223	0.682921751231
SVC_ica_emvar-ePCOH	0.602225206612	0.990445270425	0.874340909091	0.746828562764	0.94667768595	0.818714577906	0.646404958678	0.859626112487
AB_ica_xcorr-ypeak	0.763128099174	0.922065251004	0.690966942149	0.683613035668	0.935845730028	0.683229352347	0.550371900826	0.668265437196
RF_ica_ampcorrcoef-beta-eig	0.422099173554	0.468060092052	0.619006198347	0.678469018792	0.779399449036	0.772772978655	0.332376033058	0.64580825458
XT_ica_ampcorrcoef-theta	0.559508264463	0.579291983756	0.715681818182	0.66597805838	0.628468319559	0.822611008273	0.72229338843	0.702699024375
XT_csp_ilingam-causalorder	0.502464876033	0.550068468175	0.500933884298	0.533524056134	0.515168044077	0.587611122538	0.49694214876	0.604045478178
XT_ica_emvar-ePCOH	0.568229338843	0.878947927111	0.748039256198	0.676185843923	0.880595041322	0.816463560949	0.532252066116	0.773534957336
RF_csp_lmom-4	0.568758264463	0.568181349796	0.612169421488	0.6473688385	0.675137741047	0.61785559212	0.506838842975	0.637858442671
RF_ica_phase-alpha-sync	0.539704545455	0.793803410797	0.614983471074	0.650677110931	0.856782369146	0.869993772567	0.431694214876	0.727170382604
RF_ica_emvar-eG	0.532938016529	0.722161871643	0.637454545455	0.668021555042	0.74144077135	0.948913627222	0.472685950413	0.719024145946
AB_ica_xcorr-twidth	0.641634297521	0.837819173022	0.655638429752	0.717640542675	0.868966942149	0.622496172129	0.514152892562	0.634829800899
AB_csp_PSDlogfcorrcoef	0.543004132231	0.873192670932	0.814584710744	0.639868796843	0.894325068871	0.775016854061	0.707520661157	0.669367373154
SVC_csp_pib_ratio	0.701123966942	0.951810573257	0.878826446281	0.740786519101	0.840749311295	0.881328842726	0.756239669421	0.837878245711
SVC_csp_mvar-Pphs	0.539231404959	0.971557678336	0.854380165289	0.779271134306	0.923763085399	0.732204682572	0.611363636364	0.853500703428
RF_ica_ilingam-causalindex	0.508477272727	0.586857058843	0.55155785124	0.454814992552	0.546730027548	0.487338029617	0.422561983471	0.542352968162
RF_ica_ampcorrcoef-beta-eig	0.422099173554	0.468060092052	0.619006198347	0.678469018792	0.779399449036	0.772772978655	0.332376033058	0.64580825458
XT_csp_phase-theta-sync	0.595882231405	0.748238696021	0.619262396694	0.610351519151	0.851834710744	0.889891562686	0.304276859504	0.720872404196
XT_csp_ilingam-causalorder	0.502464876033	0.550068468175	0.500933884298	0.533524056134	0.515168044077	0.587611122538	0.49694214876	0.604045478178
XT_csp_pib_ratioBB	0.616417355372	0.835486413453	0.779233471074	0.712780393843	0.731760330579	0.90551013529	0.606487603306	0.775387191485
XT_ica_FFTcorrcoef	0.483568181818	0.818187931852	0.683386363636	0.633978518274	0.742694214876	0.591918906257	0.527623966942	0.722279184635
XT_ica_ampcorrcoef-theta	0.559508264463	0.579291983756	0.715681818182	0.66597805838	0.628468319559	0.822611008273	0.72229338843	0.702699024375
RF_csp_lmom-4	0.568758264463	0.568181349796	0.612169421488	0.6473688385	0.675137741047	0.61785559212	0.506838842975	0.637858442671
RF_ica_lmom-4	0.521373966942	0.566528883936	0.709975206612	0.695760141834	0.637280991736	0.762557703734	0.507871900826	0.672129935468
RF_ica_phase-alpha-sync	0.539704545455	0.793803410797	0.614983471074	0.650677110931	0.856782369146	0.869993772567	0.431694214876	0.727170382604
XT_csp_emvar-eSphs	0.588179752066	0.898016981803	0.69301446281	0.629881927157	0.833231404959	0.790109808492	0.53944214876	0.765315472367
XT_ica_phase-beta-dif	0.634138429752	0.911119784744	0.63454338843	0.645504134049	0.890815426997	0.660077871475	0.619876033058	0.75624415084
XT_ica_emvar-ePCOH	0.568229338843	0.878947927111	0.748039256198	0.676185843923	0.880595041322	0.816463560949	0.532252066116	0.773534957336
XT_ica_mvar-ARF	0.514537190083	0.814768319514	0.633588842975	0.644456974896	0.85752892562	0.854839400795	0.505619834711	0.74943748662
RF_csp_emvar-P	0.550791322314	0.895948342643	0.752386363636	0.675333739906	0.882090909091	0.888139026007	0.69617768595	0.796571168609
RF_ica_emvar-DC	0.517535123967	0.879340705762	0.698376033058	0.661875968527	0.820666666667	0.849774612642	0.655289256198	0.76966915925
RF_csp_mvar-DC	0.525696280992	0.871802180766	0.710384297521	0.645432017303	0.816355371901	0.772493029846	0.440185950413	0.752721427042
RF_ica_emvar-eG	0.532938016529	0.722161871643	0.637454545455	0.668021555042	0.74144077135	0.948913627222	0.472685950413	0.719024145946
AB_csp_act	0.615644628099	0.777903209361	0.748669421488	0.70318486748	0.781402203857	0.705326740253	0.594772727273	0.669655702358
RF_csp_PSDlogfcorrcoef	0.572179752066	0.830223381672	0.762638429752	0.61585442015	0.865966942149	0.822461035696	0.714524793388	0.78377764015
RF_ica_emvar-COHphs	0.534799586777	0.941404243952	0.68808677686	0.655858485882	0.770730027548	0.849400395356	0.425847107438	0.75587156314
RF_csp_emvar-eS	0.600111570248	0.860613498905	0.716766528926	0.628064711783	0.881231404959	0.73366584396	0.609400826446	0.759662354344
RF_ica_lmom-1	0.39695661157	0.859933106588	0.524636363636	0.55794363963	0.618250688705	0.480419294758	0.625351239669	0.661644646298
SVC_ica_PSDlogfcorrcoefeig	0.618404958678	0.768821130579	0.536632231405	0.565009314524	0.73867768595	0.542413672928	0.33520661157	0.673650334893
XT_csp_psd_logf	0.602320247934	0.787786474747	0.770626033058	0.638633247686	0.869595041322	0.829112676539	0.652417355372	0.762733507661
RF_csp_PSDcorrcoef	0.57542768595	0.816359303546	0.642925619835	0.662434973289	0.850592286501	0.854716566114	0.434772727273	0.739646450745
SVC_csp_phase-alpha-dif	0.629768595041	0.864827025538	0.69920661157	0.664910337289	0.791079889807	0.945048619681	0.594132231405	0.769580389638
AB_ica_ampcorrcoef-alpha-eig	0.597045454545	0.693935007545	0.599262396694	0.705392593037	0.71370523416	0.713323849353	0.543243801653	0.60010490259
RF_csp_mvar-DTFphs	0.544142561983	0.78034118322	0.69791322314	0.753255817829	0.820107438017	0.822271070433	0.441962809917	0.754335948252
SVC_ica_lmom-5	0.633958677686	0.829896251019	0.750506198347	0.564070997004	0.734876033058	0.731823323735	0.637768595041	0.738253738875
AB_csp_PSDlogfcorrcoef	0.543004132231	0.873192670932	0.814584710744	0.639868796843	0.894325068871	0.775016854061	0.707520661157	0.669367373154
AB_ica_xcorr-ypeak	0.763128099174	0.922065251004	0.690966942149	0.683613035668	0.935845730028	0.683229352347	0.550371900826	0.668265437196
AB_ica_xcorr-twidth	0.641634297521	0.837819173022	0.655638429752	0.717640542675	0.868966942149	0.622496172129	0.514152892562	0.634829800899
SVC_ica_phase-alpha-dif	0.557252066116	0.916514975336	0.663797520661	0.628955906808	0.903977961433	0.867369966635	0.589958677686	0.789614643545
AB_csp_ampcorrcoef-theta	0.604834710744	0.715077360606	0.82029338843	0.651983010574	0.579964187328	0.842186000274	0.51	0.606562452213
XT_ica_emvar-P	0.563900826446	0.835987167406	0.717216942149	0.65791424639	0.889581267218	0.864414792724	0.575888429752	0.778710126311
RF_csp_emvar-ePCOHphs	0.521592975207	0.895494624506	0.646727272727	0.688413031669	0.787798898072	0.809366287307	0.553760330579	0.754388628926
XT_ica_mvar-Hphs	0.619378099174	0.864899797933	0.726033057851	0.712679150462	0.82041046832	0.823095205448	0.572148760331	0.779767027556
SVC_csp_pib_ratio	0.701123966942	0.951810573257	0.878826446281	0.740786519101	0.840749311295	0.881328842726	0.756239669421	0.837878245711
SVC_csp_var	0.624876033058	0.867024766675	0.734190082645	0.578140694307	0.927983471074	0.554541455277	0.63520661157	0.762661023947
XT_csp_lmom-5	0.607564049587	0.705161406807	0.653369834711	0.591942586538	0.590834710744	0.742538507244	0.398595041322	0.672980242836
SVC_ica_ilingam-connweights	0.528826446281	0.801359759114	0.692696280992	0.63008847965	0.76320661157	0.753102289867	0.307685950413	0.744685827446
AB_ica_ilingam-causalindex	0.629049586777	0.644408264775	0.614809917355	0.5609984037	0.524845730028	0.405524418392	0.418884297521	0.527305257363
XT_csp_FFT	0.57532231405	0.797223491521	0.612338842975	0.58754233193	0.582261707989	0.548219754102	0.601756198347	0.691040615347
RF_ica_ampcorrcoef-delta-eig	0.543657024793	0.583179784893	0.726925619835	0.647412028567	0.704435261708	0.830880924631	0.505	0.696723017402
SVC_csp_ampcorrcoef-delta-eig	0.618446280992	0.6077294983	0.82026446281	0.606740982907	0.700622589532	0.643280942913	0.412190082645	0.687162354344
SVC_ica_PSDcorrcoefeig	0.386384297521	0.533504169326	0.635053719008	0.649703901436	0.412567493113	0.819098793363	0.310371900826	0.626615744564
XT_csp_act	0.534888429752	0.749259407755	0.688989669421	0.712621430404	0.803129476584	0.775502479547	0.647045454545	0.723452304493
RF_ica_FFT	0.56970661157	0.778480729317	0.497776859504	0.550506816765	0.556887052342	0.438152737785	0.550847107438	0.661608175062
AB_ica_phase-low_gamma-dif	0.594202479339	0.98409038154	0.734256198347	0.758747354775	0.814495867769	0.734047202797	0.506714876033	0.703552695966
RF_csp_emvar-PCOH	0.615194214876	0.863008751028	0.766504132231	0.675334972956	0.845650137741	0.827352998309	0.548016528926	0.789571290944
XT_csp_mvar-COH	0.601039256198	0.910969876567	0.705369834711	0.59513721844	0.868694214876	0.850790141231	0.661053719008	0.788999755329
RF_ica_emvar-PCOHphs	0.577417355372	0.895776099849	0.691648760331	0.639973739373	0.839399449036	0.834938754056	0.608450413223	0.785965379087
SVC_csp_PSDcorrcoef	0.71532231405	0.866188894854	0.767756198347	0.731834578047	0.885595041322	0.88719348462	0.487975206612	0.804129124996
XT_ica_ampcorrcoef-beta-eig	0.464832644628	0.555160711623	0.572818181818	0.654484701852	0.748796143251	0.73309880479	0.509524793388	0.672092776096
SVC_csp_PSDlogfcorrcoefeig	0.469904958678	0.621564684404	0.662739669421	0.624722980381	0.688292011019	0.606896167558	0.21826446281	0.6647900419
SVC_csp_act	0.474128099174	0.947203306549	0.725152892562	0.722320732898	0.832435261708	0.744135358106	0.707024793388	0.779814050219
XT_ica_emvar-eDC	0.561508264463	0.809820708736	0.663648760331	0.62445817462	0.769035812672	0.842458807532	0.397024793388	0.725600666728
RF_csp_phase-beta-sync	0.641030991736	0.835902216975	0.625696280992	0.661142503891	0.830561983471	0.908482448924	0.503367768595	0.759903890265
AB_ica_psd_logfBB	0.548376033058	0.912744196747	0.726553719008	0.766075002749	0.785438016529	0.621999120161	0.623450413223	0.682921751231
RF_ica_pib_ratio	0.604576446281	0.815859313802	0.787225206612	0.729052184664	0.753694214876	0.911171957128	0.549648760331	0.763268419121
RF_ica_mvar-DTF	0.488142561983	0.896605266355	0.727675619835	0.6466297085	0.825710743802	0.793921968554	0.505144628099	0.755568324311
XT_ica_pwling2	0.546328512397	0.669595969238	0.686359504132	0.637152788192	0.823303030303	0.571876856803	0.553326446281	0.701382007524
SVC_csp_ampcorrcoef-theta-eig	0.651983471074	0.688810913848	0.575524793388	0.77963455072	0.611652892562	0.629392054024	0.695537190083	0.693872526531
XT_ica_lmom-3	0.541756198347	0.761325450577	0.626417355372	0.615072133409	0.658231404959	0.727436982952	0.694256198347	0.706561305319
RF_csp_FFT	0.565650826446	0.795727244723	0.534359504132	0.514599175523	0.554884297521	0.522295923031	0.574152892562	0.656497920298
XT_csp_spearman	0.696865702479	0.901405532753	0.678185950413	0.564960459094	0.850107438017	0.748798791078	0.435123966942	0.740500963391
RF_csp_phase-theta-sync	0.540010330579	0.782652249121	0.681865702479	0.569183821054	0.840738292011	0.914137129211	0.308884297521	0.729546135731
RF_csp_emvar-eDC	0.483099173554	0.783682451834	0.643626033058	0.624018375774	0.74073553719	0.804869966635	0.324690082645	0.694719010918
XT_csp_phase-delta-dif	0.605411157025	0.787258850228	0.635867768595	0.670251175563	0.751140495868	0.841778931852	0.312603305785	0.722391580267
SVC_ica_ampcorrcoef-low_gamma	0.483615702479	0.897447646276	0.714599173554	0.72508013157	0.88714600551	0.685990276064	0.642148760331	0.773446034804
XT_csp_emvar-DCphs	0.555229338843	0.811324129236	0.70226446281	0.705283151542	0.816986225895	0.861972382193	0.45673553719	0.753848518213
XT_csp_emvar-GPDCphs	0.511384297521	0.834993942536	0.659287190083	0.678410998804	0.792280991736	0.873443141825	0.482417355372	0.736216166621
XT_ica_ampcorrcoef-low_gamma-eig	0.482026859504	0.530310146484	0.593326446281	0.618360976975	0.777807162534	0.696525492481	0.542561983471	0.659239609138
XT_csp_PSDlogfcorrcoef	0.607324380165	0.791337259822	0.695811983471	0.618082207759	0.854066115702	0.853979558024	0.522768595041	0.760452335077
RF_ica_pib_ratioBB	0.640419421488	0.871763847068	0.787272727273	0.714129450226	0.76461707989	0.866681521093	0.443285123967	0.769614490626
XT_csp_mvar-DC	0.55325	0.831872987912	0.712280991736	0.638307922511	0.823330578512	0.806493955391	0.595785123967	0.764525032878
XT_csp_emvar-DC	0.559006198347	0.843113783881	0.71117768595	0.619274366896	0.808049586777	0.843867121441	0.372665289256	0.735586980457
XT_csp_mvar-DCphs	0.555229338843	0.811324129236	0.70226446281	0.705283151542	0.816986225895	0.861972382193	0.45673553719	0.753848518213
AB_ica_var	0.76341322314	0.669008268049	0.64055785124	0.495334673025	0.806958677686	0.617090017825	0.506818181818	0.599254442304
AB_csp_phase-beta-sync	0.620157024793	0.928682362101	0.582611570248	0.678451489491	0.945454545455	0.899934012066	0.553285123967	0.730470685384
XT_ica_ampcorrcoef-low_gamma	0.535012396694	0.656881014569	0.617276859504	0.670799282832	0.766754820937	0.784752216738	0.435847107438	0.692186592042
RF_ica_emvar-ePDC	0.498136363636	0.752243051321	0.643512396694	0.687070473791	0.804710743802	0.875812708533	0.320020661157	0.714059699667
RF_csp_pwling2	0.632136363636	0.79957303903	0.633838842975	0.542628762051	0.673859504132	0.539599901732	0.3925	0.69219484968
AB_csp_ampcorrcoef-low_gamma-eig	0.472380165289	0.645571982154	0.630243801653	0.575887979098	0.629746556474	0.680422722702	0.490537190083	0.529370660917
RF_ica_emvar-eARF	0.524119834711	0.762836488513	0.583904958678	0.664683956023	0.825253443526	0.883878376525	0.315495867769	0.716397681745
RF_csp_emvar-eDDCphs	0.488132231405	0.636365090825	0.520783057851	0.621661484525	0.72852892562	0.804678573061	0.522851239669	0.679150304309
AB_ica_phase-theta-dif	0.558376033058	0.889986799403	0.694789256198	0.678485614975	0.860396694215	0.698886489328	0.438450413223	0.608223766706
SVC_ica_emvar-ePCOH	0.602225206612	0.990445270425	0.874340909091	0.746828562764	0.94667768595	0.818714577906	0.646404958678	0.859626112487
SVC_csp_mvar-PCOH	0.628611570248	0.99280529499	0.87069214876	0.766626742516	0.966983471074	0.85917575072	0.713305785124	0.871632947977
SVC_csp_mvar-DC	0.555090909091	0.956624102375	0.835150826446	0.761369751624	0.969154269972	0.854429475753	0.583099173554	0.846398216962
RF_csp_psd_logf	0.621648760331	0.778319012883	0.752615702479	0.637101799919	0.801443526171	0.713211012843	0.675433884298	0.740096339114
AB_ica_ilingam-causalorder	0.602630165289	0.617084769388	0.564960743802	0.516609679774	0.523344352617	0.563526955071	0.372727272727	0.515115759856
SVC_ica_mvar-COHphs	0.553239669421	0.963613851525	0.834252066116	0.760823543918	0.943961432507	0.739781868458	0.591714876033	0.83836957519
SVC_ica_ampcorrcoef-beta	0.64952892562	0.792257613689	0.71376446281	0.762655922471	0.928022038567	0.797108528726	0.592190082645	0.77849833318
SVC_ica_mvar-DTFphs	0.576710743802	0.984637234539	0.832847107438	0.819042186964	0.952892561983	0.858601569999	0.615289256198	0.859451631648
SVC_csp_mvar-Pphs	0.539231404959	0.971557678336	0.854380165289	0.779271134306	0.923763085399	0.732204682572	0.611363636364	0.853500703428
RF_ica_emvar-eGphs	0.521198347107	0.819442984504	0.610909090909	0.695891344991	0.835077134986	0.945887037799	0.395268595041	0.741330091446
SVC_ica_emvar-eSphs	0.557719008264	0.964066411023	0.835169421488	0.758746721587	0.945181818182	0.751742538507	0.594173553719	0.837045524054
XT_csp_emvar-GPDC	0.557520661157	0.839254381727	0.695080578512	0.670792384418	0.829898071625	0.850348793363	0.578987603306	0.777770972872
AB_csp_pib_ratioBB	0.678258264463	0.871333720795	0.785975206612	0.716471978112	0.723920110193	0.759044060515	0.551570247934	0.664974615408
RF_csp_ampcorrcoef-alpha	0.620070247934	0.677572484461	0.534780991736	0.640802315467	0.598994490358	0.729322352484	0.476776859504	0.660270667034
SVC_ica_emvar-PDC	0.568022727273	0.971335121023	0.882078512397	0.767465282985	0.975052341598	0.854229512318	0.577272727273	0.859096323822
SVC_ica_emvar-Sphs	0.56894214876	0.965259020424	0.815260330579	0.761771725836	0.945614325069	0.752179601444	0.589400826446	0.835521454568
RF_ica_phase-low_gamma-dif	0.613828512397	0.908770754924	0.640433884298	0.70687498542	0.78979338843	0.764545911605	0.444173553719	0.753662339053
RF_csp_phase-high_gamma-dif	0.642886363636	0.891859677861	0.681935950413	0.610840573335	0.826438016529	0.834293157823	0.510454545455	0.769903890265
AB_csp_phase-delta-dif	0.541524793388	0.926590747374	0.748157024793	0.658541702075	0.834953168044	0.839635038164	0.407975206612	0.60738699269
SVC_csp_emvar-COHphs	0.601446280992	0.959278717092	0.820090909091	0.783134512395	0.946809917355	0.690759403995	0.590578512397	0.840597149586
AB_csp_ampcorrcoef-low_gamma	0.452597107438	0.827239417632	0.678188016529	0.534381492257	0.882187327824	0.795237442296	0.642169421488	0.63455630486
SVC_ica_mvar-GPDCphs	0.563731404959	0.989276203584	0.836053719008	0.819680240211	0.955129476584	0.858453025732	0.584256198347	0.859979661743
SVC_csp_emvar-S	0.72130785124	0.951699984854	0.817355371901	0.68005732015	0.935151515152	0.594794094794	0.602975206612	0.83088349084
XT_csp_mvar-Hphs	0.555229338843	0.811324129236	0.70226446281	0.705283151542	0.816986225895	0.861972382193	0.45673553719	0.753848518213
SVC_ica_psd_logfBB	0.800675619835	0.976930756178	0.826890495868	0.760284067998	0.840027548209	0.858181646785	0.818016528926	0.860949934245
XT_ica_emvar-eARF	0.48698553719	0.74419738753	0.664004132231	0.685581649554	0.759300275482	0.810416095343	0.467892561983	0.709927745665
XT_csp_pwling2	0.626487603306	0.774421720765	0.617966942149	0.48386661068	0.739517906336	0.628506501668	0.383161157025	0.686379943114
AB_csp_cov	0.692396694215	0.782530444105	0.607311983471	0.383556648637	0.81208815427	0.807755153343	0.312851239669	0.582025644555
RF_csp_emvar-Hphs	0.544142561983	0.78034118322	0.69791322314	0.753255817829	0.820107438017	0.822271070433	0.441962809917	0.754335948252
AB_csp_phase-high_gamma-sync	0.621502066116	0.986025358123	0.746152892562	0.642809687105	0.903068870523	0.693148967046	0.664256198347	0.705962014864
SVC_csp_emvar-eP	0.612533057851	0.993118571279	0.800016528926	0.786812599769	0.979250688705	0.883365613145	0.716652892562	0.859730479861
RF_ica_lmom-5	0.547723140496	0.627632230795	0.611469008264	0.591603764468	0.58729476584	0.647335915718	0.587623966942	0.649911612686
SVC_ica_emvar-DTFphs	0.576710743802	0.984637234539	0.832847107438	0.819042186964	0.952892561983	0.858601569999	0.615289256198	0.859451631648
SVC_csp_mvar-P	0.61429338843	0.99302065395	0.798900826446	0.787998393703	0.979256198347	0.883334190319	0.716652892562	0.859832247607
XT_csp_emvar-P	0.518766528926	0.893317911436	0.703035123967	0.653797393266	0.896303030303	0.909343720005	0.580082644628	0.76970486589
XT_ica_phase-delta-dif	0.567811983471	0.860176741272	0.681006198347	0.666436252995	0.814655647383	0.771401800814	0.40402892562	0.735295287029
AB_ica_emvar-eDCphs	0.529727272727	0.919853236419	0.75597107438	0.827451719438	0.805338842975	0.847760695187	0.347148760331	0.647834510811
AB_ica_emvar-Hphs	0.512466942149	0.976066115595	0.796227272727	0.816075435983	0.91067768595	0.77302864619	0.469132231405	0.656730281066
SVC_ica_emvar-P	0.607493801653	0.991143190239	0.820770661157	0.789967540799	0.965068870523	0.857288952877	0.622107438017	0.862478667768
RF_ica_emvar-ePCOH	0.598818181818	0.858049800379	0.725338842975	0.721453165772	0.905297520661	0.79673573975	0.571694214876	0.797243860293
XT_ica_psd_logf	0.623561983471	0.810216938653	0.730539256198	0.67578510276	0.882426997245	0.847057966543	0.633801652893	0.769326926018
SVC_csp_emvar-P	0.612533057851	0.993118571279	0.800020661157	0.786812599769	0.979250688705	0.883365613145	0.716652892562	0.85973063278
SVC_csp_pwling4	0.678239669421	0.738445089579	0.705797520661	0.496270457795	0.838917355372	0.598781937017	0.508925619835	0.706376425972
AB_csp_emvar-eSphs	0.627520661157	0.980007904384	0.82170661157	0.781158733491	0.890170798898	0.728202557247	0.647417355372	0.667462152491
XT_ica_phase-delta-sync	0.609396694215	0.763074527216	0.67269214876	0.671702508423	0.860906336088	0.832019287902	0.452975206612	0.747512539377
XT_ica_ilingam-causalindex	0.537977272727	0.575398709897	0.499898760331	0.505149982171	0.580347107438	0.408041101056	0.38826446281	0.537910893966
XT_ica_mvar-COHphs	0.567659090909	0.93750234193	0.776946280992	0.646640072783	0.835630853994	0.846629473468	0.476900826446	0.784842416735
RF_csp_corrcoef	0.674983471074	0.859085673028	0.676745867769	0.521428504777	0.815787878788	0.592907296951	0.30555785124	0.715886090467
RF_csp_emvar-COH	0.61276446281	0.920595948727	0.674074380165	0.619764987386	0.85570523416	0.817022030257	0.40847107438	0.761034575037
RF_csp_phase-alpha-dif	0.58648553719	0.74820512014	0.623754132231	0.561924590677	0.758132231405	0.81845748206	0.397603305785	0.693141725541
XT_csp_emvar-eCOH	0.582464876033	0.970968350122	0.693731404959	0.680325025244	0.871606060606	0.827412987339	0.551859504132	0.792982613084
RF_csp_ampcorrcoef-high_gamma	0.48580785124	0.566132826582	0.627214876033	0.657965301314	0.692016528926	0.728881004616	0.359896694215	0.641046732116
RF_csp_mvar-P	0.571597107438	0.907803981538	0.707545454545	0.666056440352	0.88220661157	0.888139026007	0.69617768595	0.793980105208
XT_ica_pib	0.641299586777	0.807170876487	0.80722107438	0.580886995991	0.843115702479	0.814452500114	0.696797520661	0.771635700523
XT_ica_var	0.593185950413	0.619592335548	0.651030991736	0.488990398875	0.811366391185	0.666283879519	0.562148760331	0.672864100682
AB_ica_phase-alpha-dif	0.526838842975	0.926293494818	0.679873966942	0.731866570689	0.880374655647	0.831947872389	0.513842975207	0.648464920329
RF_csp_mvar-Sphs	0.507803719008	0.857273241018	0.692702479339	0.644254054901	0.807925619835	0.810526075232	0.484628099174	0.751661926171
RF_ica_mvar-PCOHphs	0.559365702479	0.872434156759	0.704349173554	0.674998383705	0.847391184573	0.834938754056	0.607190082645	0.786105988317
XT_csp_psd_logfBB	0.601524793388	0.852354546914	0.692621900826	0.700782953254	0.779639118457	0.868452625806	0.550537190083	0.763705921033
XT_csp_emvar-PDCphs	0.511384297521	0.834993942536	0.659287190083	0.678410998804	0.792280991736	0.873443141825	0.482417355372	0.736216166621
AB_csp_emvar-ePCOH	0.706710743802	0.952938200262	0.820861570248	0.746903645495	0.87676584022	0.745119463869	0.552954545455	0.671136648622
XT_ica_coher_logf	0.601923553719	0.942908527268	0.693349173554	0.644224428381	0.867584022039	0.859338578089	0.523780991736	0.781135578188
AB_ica_emvar-GPDC	0.46767768595	0.974491303206	0.788566115702	0.810223681886	0.948391184573	0.742632775721	0.502830578512	0.667714775056
SVC_csp_ampcorrcoef-low_gamma-eig	0.444123966942	0.699003314004	0.703938016529	0.653177235902	0.669666666667	0.802838909457	0.526818181818	0.671093296021
AB_csp_mvar-P	0.638260330579	0.954145157066	0.677351239669	0.729477220239	0.905961432507	0.925016568399	0.537004132231	0.678277441355
RF_csp_pib_ratio	0.571867768595	0.785918822491	0.762214876033	0.718566762978	0.711223140496	0.84834630239	0.590144628099	0.736240557238
XT_ica_lmom-5	0.617561983471	0.736145067728	0.58027892562	0.630517980864	0.603421487603	0.736675293661	0.563409090909	0.687625240848
XT_csp_emvar-ARF	0.546119834711	0.780149342169	0.642869834711	0.678940710303	0.832550964187	0.856359122903	0.649070247934	0.759705095269
SVC_csp_ampcorrcoef-beta-eig	0.539053719008	0.367193089817	0.575409090909	0.765894410952	0.680198347107	0.694594417021	0.317024793388	0.593023518977
RF_ica_mvar-H	0.5225	0.927317781077	0.722448347107	0.673308605687	0.843371900826	0.822381050322	0.492252066116	0.765418692846
XT_csp_emvar-eGphs	0.487181818182	0.679725063326	0.644681818182	0.653992348427	0.804242424242	0.807689451072	0.398801652893	0.706235281524
AB_csp_emvar-eGphs	0.509049586777	0.922454824908	0.750181818182	0.75515168178	0.875674931129	0.809000639883	0.369545454545	0.644071856745
AB_ica_mvar-DC	0.584342975207	0.981932255999	0.816921487603	0.783744138848	0.959636363636	0.705692387678	0.576590909091	0.694735296816
RF_csp_ilingam-connweights	0.498237603306	0.612624797756	0.572035123967	0.63166098464	0.646619834711	0.601274338407	0.454173553719	0.657707052635
AB_ica_emvar-eCOH	0.594768595041	0.995502705398	0.709652892562	0.703335199571	0.924809917355	0.858367327117	0.514545454545	0.706819585895
SVC_csp_xcorr-ypeak	0.76055785124	0.952421767703	0.811245867769	0.659048818772	0.901856749311	0.86325928973	0.510578512397	0.845821482093
XT_csp_mvar-P	0.536638429752	0.896477742099	0.707283057851	0.661533913866	0.896878787879	0.909343720005	0.580082644628	0.77388667156
XT_csp_emvar-PDC	0.52029338843	0.89763223967	0.738977272727	0.598071576871	0.810374655647	0.823926482015	0.47173553719	0.754173242193
AB_csp_pwling5	0.538516528926	0.543437946446	0.599400826446	0.700515181508	0.575845730028	0.564736733854	0.359173553719	0.478166192617
AB_ica_emvar-eARF	0.479016528926	0.894435110689	0.744574380165	0.762135042274	0.858071625344	0.800822135381	0.398553719008	0.623961066765
AB_csp_emvar-P	0.585078512397	0.9712951603	0.713714876033	0.726314814259	0.897520661157	0.925016568399	0.537004132231	0.67882932685
SVC_csp_ampcorrcoef-low_gamma	0.479648760331	0.859092797426	0.72632231405	0.681008967937	0.888336088154	0.785507792861	0.42632231405	0.760723690247
RF_csp_emvar-PDC	0.557878099174	0.849022498109	0.67152892562	0.661026863821	0.785936639118	0.800279377485	0.478760330579	0.738428907851
SVC_csp_pwling2	0.680243801653	0.794858807748	0.754657024793	0.54607476947	0.796181818182	0.494109648521	0.460123966942	0.705738446952
XT_ica_emvar-ePDC	0.50920661157	0.697834395074	0.649404958678	0.639453758969	0.81491184573	0.92559074912	0.345165289256	0.707286601217
AB_ica_emvar-eDPDC	0.553239669421	0.853577034412	0.76147107438	0.66334789665	0.837019283747	0.758594142785	0.372603305785	0.6246592195
XT_ica_lmom-6	0.608873966942	0.705927538416	0.709683884298	0.720330190723	0.633360881543	0.745846473788	0.544090909091	0.705264397345
RF_ica_emvar-Hphs	0.544419421488	0.853618597508	0.677466942149	0.765620207352	0.821093663912	0.888714635038	0.38708677686	0.76885096492
XT_csp_emvar-eS	0.597446280992	0.912536726394	0.760729338843	0.698066311415	0.899275482094	0.815116664381	0.550495867769	0.78426300578
AB_ica_ampcorrcoef-high_gamma-eig	0.480444214876	0.411600891136	0.743743801653	0.754309042254	0.59555922865	0.653366241602	0.563181818182	0.565361577515
AB_ica_ampcorrcoef-delta	0.526535123967	0.678724566146	0.877355371901	0.64098763951	0.793526170799	0.850988676356	0.443326446281	0.627007217788
XT_csp_lmom-2	0.597640495868	0.659621294623	0.643954545455	0.614131416441	0.875782369146	0.728919568993	0.531611570248	0.717304798605
RF_csp_ampcorrcoef-beta	0.567404958678	0.483898565141	0.581935950413	0.577800505884	0.75650137741	0.783568147539	0.625516528926	0.656772869071
AB_csp_corrcoef	0.690619834711	0.814689778575	0.777685950413	0.512323232323	0.808099173554	0.533655274464	0.423719008264	0.580492399914
XT_ica_ampcorrcoef-alpha-eig	0.564345041322	0.651286759921	0.533545454545	0.681710873166	0.647980716253	0.675063702637	0.579752066116	0.6765054898
SVC_ica_mvar-PCOH	0.608783057851	0.991973194909	0.881074380165	0.774573681387	0.959008264463	0.833404748846	0.613925619835	0.867274826437
SVC_ica_corrcoef	0.771599173554	0.945433916748	0.810276859504	0.609999833372	0.932600550964	0.777019345034	0.607851239669	0.851004144111
SVC_ica_emvar-eDDCphs	0.619004132231	0.822979126353	0.70682231405	0.733709780084	0.852531680441	0.706040895379	0.503553719008	0.759301159128
XT_csp_emvar-Hphs	0.555229338843	0.811324129236	0.70226446281	0.705283151542	0.816986225895	0.861972382193	0.45673553719	0.753848518213
XT_csp_phase-theta-dif	0.535973140496	0.741556923002	0.65052892562	0.636178079042	0.712630853994	0.897481603364	0.247933884298	0.696852081231
XT_ica_lmom-1	0.453617768595	0.805109978022	0.527524793388	0.562143540319	0.598578512397	0.422776977924	0.621219008264	0.653501850323
SVC_csp_emvar-eDCphs	0.356123966942	0.892991964074	0.730574380165	0.744316873786	0.931964187328	0.853074009324	0.319958677686	0.790777441355
AB_csp_phase-low_gamma-sync	0.613743801653	0.972710746097	0.788772727273	0.769097574225	0.848022038567	0.484728506787	0.534524793388	0.649875447289
RF_ica_mvar-GPDCphs	0.535142561983	0.839000812329	0.64773553719	0.719450026494	0.82726446281	0.953976987065	0.454938016529	0.754754182341
AB_ica_lmom-3	0.595136363636	0.846938969204	0.701768595041	0.579934615039	0.579818181818	0.563138454683	0.592603305785	0.554467535248
RF_ica_PSDcorrcoefeig	0.494657024793	0.632285128162	0.548088842975	0.577900716169	0.44647107438	0.7628733603	0.440991735537	0.61673723889
SVC_ica_ampcorrcoef-delta-eig	0.475607438017	0.661704281186	0.843694214876	0.713258283928	0.791272727273	0.82191542118	0.580785123967	0.760163164816
RF_ica_emvar-eCOHphs	0.532332644628	0.949925935845	0.711355371901	0.661522616465	0.772008264463	0.842808743544	0.398409090909	0.753802948283
AB_ica_pib_ratio	0.628334710744	0.922207295226	0.765450413223	0.751841009901	0.78376584022	0.88254290644	0.478450413223	0.686919442151
AB_ica_emvar-DCphs	0.512466942149	0.976066115595	0.796227272727	0.816075435983	0.91067768595	0.77302864619	0.469132231405	0.656730281066
XT_csp_corrcoef	0.685898760331	0.855489134036	0.720909090909	0.566653403051	0.822066115702	0.756258855524	0.437314049587	0.752737942319
SVC_ica_mvar-DC	0.588958677686	0.967906584699	0.840747933884	0.776719054617	0.977603305785	0.898150052562	0.549173553719	0.852850949628
AB_csp_emvar-GPDC	0.637574380165	0.963065987799	0.712136363636	0.775567152888	0.905966942149	0.695605660679	0.487479338843	0.637777930697
AB_ica_phase-delta-dif	0.658628099174	0.93523498384	0.674384297521	0.682926326945	0.790892561983	0.740627428127	0.330247933884	0.595756567881
SVC_ica_mvar-ARF	0.495989669421	0.987697323632	0.828272727273	0.771410975476	0.978228650138	0.790441176471	0.46132231405	0.858116799706
XT_csp_emvar-ePCOH	0.611595041322	0.868084033973	0.708588842975	0.626406893081	0.905931129477	0.867488516386	0.503119834711	0.777036195981
SVC_ica_emvar-DTF	0.570369834711	0.93583947297	0.870652892562	0.750129970107	0.970947658402	0.863680641254	0.615495867769	0.848198382115
XT_csp_phase-beta-dif	0.656285123967	0.893350649153	0.683055785124	0.668133329334	0.903997245179	0.856411970383	0.424731404959	0.779761598923
SVC_csp_ampcorrcoef-beta	0.663991735537	0.726120842803	0.660272727273	0.788544768037	0.878754820937	0.871976267197	0.451818181818	0.755026072728
AB_ica_lmom-2	0.697545454545	0.744499767681	0.654425619835	0.565858619184	0.801289256198	0.619051087801	0.524462809917	0.595374728568
AB_csp_psd_logfBB	0.585078512397	0.939105577955	0.759070247934	0.808343114417	0.837179063361	0.706453677042	0.694214876033	0.723257026639
AB_csp_pib	0.678219008264	0.873617620307	0.793483471074	0.739994901173	0.837454545455	0.631700203391	0.62597107438	0.696511683029
SVC_csp_emvar-DTFphs	0.452518595041	0.941960242803	0.868402892562	0.814885776271	0.955300275482	0.839997828968	0.600743801653	0.839617319632
RF_ica_phase-theta-sync	0.574080578512	0.735073721	0.66670661157	0.689806544495	0.897402203857	0.757424356689	0.44076446281	0.735996268771
SVC_ica_mvar-Sphs	0.553239669421	0.963613851525	0.834252066116	0.760823543918	0.943961432507	0.739781868458	0.591714876033	0.83836957519
SVC_ica_phase-low_gamma-sync	0.734892561983	0.998957471339	0.710268595041	0.83179185454	0.885661157025	0.909626525435	0.687314049587	0.859519757164
RF_ica_emvar-eDPDCphs	0.493421487603	0.867872693273	0.645929752066	0.717260063519	0.810820936639	0.907821141277	0.451033057851	0.750307826406
SVC_ica_pib	0.755714876033	0.908329362735	0.900487603306	0.681934588378	0.920275482094	0.86575740436	0.678512396694	0.847493806771
RF_ica_emvar-ePphs	0.504838842975	0.841010558111	0.712092975207	0.686593050265	0.844977961433	0.867986996663	0.634111570248	0.780313255039
RF_ica_emvar-PDC	0.553425619835	0.924897753798	0.704295454545	0.620076682363	0.810639118457	0.890891379862	0.626776859504	0.778572193168
RF_csp_emvar-ARF	0.551229338843	0.875436165987	0.690055785124	0.727067974366	0.763143250689	0.887971913707	0.615351239669	0.775536211273
SVC_csp_emvar-eSphs	0.588520661157	0.959625840432	0.826652892562	0.7849108705	0.946159779614	0.706945015769	0.587024793388	0.840233966419
XT_csp_emvar-ePDCphs	0.471853305785	0.778888003283	0.642117768595	0.675735080931	0.831730027548	0.781945587093	0.432644628099	0.722157613848
XT_ica_emvar-ePDCphs	0.539219008264	0.838486968219	0.607254132231	0.656902579073	0.818724517906	0.883531297134	0.401301652893	0.729846163257
XT_csp_emvar-S	0.597446280992	0.912536726394	0.760729338843	0.698066311415	0.899275482094	0.815116664381	0.550495867769	0.78426300578
SVC_ica_emvar-eGphs	0.594229338843	0.904519560194	0.821566115702	0.712763897637	0.954099173554	0.801339183692	0.373429752066	0.807615989234
SVC_csp_emvar-eGphs	0.356123966942	0.892991964074	0.730574380165	0.744316873786	0.931964187328	0.853074009324	0.319958677686	0.790777441355
RF_ica_mvar-COHphs	0.512239669421	0.937521397845	0.704398760331	0.619587394899	0.770760330579	0.838845182595	0.428285123967	0.751008731688
RF_ica_psd_logfBB	0.591458677686	0.837747707177	0.680966942149	0.709434963292	0.807870523416	0.806652497829	0.631797520661	0.754879576108
XT_ica_phase-alpha-dif	0.565320247934	0.725380053343	0.644657024793	0.61730721934	0.796239669421	0.874364401938	0.277768595041	0.70644026975
RF_ica_emvar-ePCOHphs	0.504838842975	0.841010558111	0.712092975207	0.686593050265	0.844977961433	0.867986996663	0.634111570248	0.780313255039
AB_ica_mvar-S	0.596615702479	0.969248436675	0.744590909091	0.737244633734	0.869327823691	0.781124308698	0.502809917355	0.672617594886
RF_ica_phase-alpha-dif	0.563022727273	0.745505392454	0.605245867769	0.576898546668	0.835829201102	0.807822283925	0.415702479339	0.719221105912
AB_csp_ilingam-connweights	0.500132231405	0.59872351992	0.499896694215	0.693285244394	0.667867768595	0.674973719091	0.433140495868	0.511522540294
AB_csp_emvar-PDC	0.560082644628	0.958639789264	0.801173553719	0.760052454602	0.906776859504	0.6721885141	0.360950413223	0.624031103771
